       0
       0
      19
     244
     285
     280
     274
     238
     260
     237
     254
     248
     305
     890
     902
     505
     327
     216
     222
     219
     190
     218
     179
     195
     188
     170
     172
     153
     172
     172
     155
     161
     170
     165
     149
     162
     119
     140
     144
     133
     128
     133
     122
     128
     109
     123
     124
     107
     108
      99
     105
     101
      96
     111
      91
      92
      92
      89
     105
     105
      84
      81
      65
      73
      81
      87
      85
      64
      85
      55
      61
      66
      52
      67
      57
      81
      58
      57
      59
      43
      57
      56
      42
      53
      64
      51
      39
      58
      43
      44
      35
      40
      46
      44
      55
      40
      34
      38
      40
      40
      41
      41
      41
      30
      34
      36
      46
      30
      36
      37
      31
      29
      28
      28
      30
      29
      32
      28
      26
      25
      30
      23
      17
      17
      26
      16
      21
      22
      20
      21
      17
      22
      18
      29
      24
      22
      26
      20
      15
      20
      11
      17
      13
      15
      23
       7
      21
      15
      20
      14
      15
      16
      17
      18
      10
      12
      13
      11
      13
      12
      19
      13
      11
      14
       9
      10
      11
       9
      10
      18
      13
      11
       8
       7
       6
      16
      17
      16
      12
      17
      10
      11
       6
       9
       7
       6
       8
       7
       6
       6
      12
       8
       7
       7
       6
       9
       3
       8
       6
       7
       7
       8
       7
       7
       8
       9
       7
       4
       8
       6
       3
       9
       5
       5
       6
       8
       7
       7
       0
       5
       7
       2
       4
       6
       4
       5
       4
       4
       2
       2
       9
       3
       4
       2
       5
       8
       4
       4
       3
       6
       1
       4
       5
       1
       6
       3
       3
       5
       6
       1
       0
       3
       5
       2
       0
       4
       5
       5
       1
       1
       5
       6
       3
       6
       1
       2
       6
       3
       6
       4
       5
       2
       2
       4
       5
       2
       4
       4
       4
       5
       2
       2
       1
       3
       4
       3
       3
       4
       2
       8
       2
       1
       3
       6
       0
       2
       1
       1
       6
       3
       2
       3
       2
       1
       7
       2
       0
       6
       5
       1
       4
       1
       4
       2
       4
       3
       5
       4
       3
       1
       5
       1
       1
       2
       2
       1
       1
       4
       5
       0
       4
       2
       0
       3
       3
       1
       2
       2
       2
       3
       2
       1
       3
       3
       1
       2
       6
       1
       1
       1
       3
       2
       3
       4
       3
       3
       0
       4
       2
       5
       2
       2
       3
       4
       1
       2
       2
       3
       5
       3
       4
       2
       4
       3
       2
       0
       1
       3
       2
       3
       5
       3
       0
       4
       2
       2
       2
       8
       2
       2
       3
       3
       2
       3
       1
       4
       5
       4
       5
       3
       5
       1
       4
       0
       1
       2
       1
       1
       2
       1
       5
       1
       3
       4
       2
       1
       1
       2
       5
       2
       1
       1
       1
       3
       5
       2
       1
       1
       1
       9
       1
       2
       3
       1
       2
       2
       3
       1
       0
       1
       0
       0
       0
       0
       0
       0
       0
       0
       0
       0
       0
       0
       0
       0
       0
       0
       0
       0
       0
       0
       0
       0
       0
       0
       0
       0
       0
       0
       0
       0
       0
       0
       0
       0
       0
       0
       0
       0
       0
       0
       0
       0
       0
       0
       0
       0
       0
       0
       0
       0
       0
       0
       0
       0
       0
       0
       0
       0
       0
       0
       0
       0
       0
       0
       0
       0
       0
       0
       0
       0
       0
       0