$SPEC_ID:
No sample description was entered.
$SPEC_REM:
DET# 1
DETDESC# NEWTON MCB 338
AP# Maestro Version 6.06
$DATE_MEA:
06/11/2018 12:46:09
$MEAS_TIM:
3669 3670
$DATA:
0 8191
       0
       0
       0
       0
       0
       0
       0
       0
       0
       0
       0
       0
       0
       0
       0
       0
       0
       0
       0
       0
       0
       0
       0
       0
       0
       0
       0
       0
       0
       0
       0
       0
       0
       0
       0
       0
       0
       0
       0
       0
       0
       0
       0
       0
       0
       0
       0
       0
       0
       0
       0
       0
      12
      41
      42
      92
     102
      91
     101
     100
     100
      78
      94
      96
      93
      90
      85
      93
      94
      71
      80
      89
      91
      84
      81
      90
      76
      89
      80
      86
      85
      76
      89
      83
      75
      70
      99
      70
      71
      65
      74
      70
      64
      70
      78
      82
      74
      86
      68
      79
      61
      76
      71
      66
      60
      82
      71
      69
      72
      66
      68
      70
      69
      57
      61
      67
      90
      72
      61
      69
      57
      65
      53
      78
      63
      69
      68
      54
      50
      62
      56
      66
      58
      77
      65
      60
      68
     100
     132
      99
      85
      66
      64
      61
      63
      62
      72
      57
      65
      75
      63
      83
      59
      67
      87
      67
      68
      87
      73
      86
      82
      98
     100
      91
      90
      95
      83
      79
      81
      86
      75
      77
      69
      81
      66
      89
      95
      76
      69
      67
      93
      83
      62
      65
      81
      79
     101
      93
     100
      97
     100
      92
      94
     107
      91
      97
      89
      92
     106
     115
      92
     126
     155
     256
     332
     479
    1370
    3108
    3232
    1317
     254
      52
      63
      55
      51
      59
      62
      66
      51
      54
      57
      47
      54
      56
      69
      50
      48
      66
      48
      52
      47
      55
      48
      53
      56
      52
      58
      59
      64
      52
      53
      53
      48
      59
      53
      60
      49
      60
      47
      49
      73
      58
      55
      49
      62
      61
      62
      56
      67
      64
      54
      54
      57
      39
      55
      47
      46
      60
      56
      57
      57
      56
      65
      57
      53
      54
      55
      66
      56
      58
      36
      50
      52
      54
      65
      65
      48
      63
      60
      57
      56
      54
      46
      45
      50
      65
      68
      59
      69
      55
      63
      48
      70
      70
      62
      65
      58
      62
      58
      66
      61
      55
      72
      53
      55
      71
      59
      64
      58
      62
      63
      64
      62
      69
      72
      62
      64
      68
      64
      55
      62
      57
      75
      69
      60
      69
      74
      70
      74
      80
      61
      82
      80
      84
      99
      76
      74
      80
      88
      82
      72
     105
      84
      86
      90
      95
      82
      97
      77
     112
      83
      93
      98
      77
     108
      76
      99
      94
      83
      76
      86
      97
      95
     109
      98
      85
      81
     100
     120
     117
      76
     109
     104
     112
     105
     115
     119
     110
     104
     101
      96
     111
     113
      89
      97
     127
      97
     116
     101
      87
      99
     106
      90
     121
     130
     142
     149
     115
      83
      89
      79
      81
      89
      76
     101
      72
      67
      79
      63
      64
      75
      52
      53
      77
      94
      65
      70
      47
      72
      59
      64
      78
      64
      64
      67
      61
      59
      60
      65
      67
      59
      65
      68
      61
      54
      57
      61
      59
      60
      55
      78
      51
      48
      59
      56
      64
      35
      45
      63
      71
      55
      61
      66
      60
      52
      54
      59
      69
      59
      50
      60
      60
      51
      50
      57
      66
      53
      58
      60
      56
      55
      47
      57
      53
      42
      59
      65
      65
      58
      57
      43
      55
      59
      48
      59
      65
      64
      67
      29
      52
      62
      52
      49
      56
      53
      63
      58
      45
      57
      53
      53
      61
      56
      52
      55
      57
      55
      54
      55
      56
      59
      35
      50
      43
      39
      49
      46
      35
      38
      47
      36
      43
      32
      36
      36
      34
      37
      54
      44
      37
      32
      35
      33
      24
      37
      48
      31
      20
      30
      29
      45
      38
      33
      31
      34
      26
      40
      34
      36
      65
      53
      53
      46
      48
      35
      36
      27
      33
      39
      23
      24
      34
      24
      26
      47
      22
      23
      28
      28
      22
      37
      23
      28
      22
      19
      20
      30
      25
      26
      22
      31
      35
      23
      33
      24
      32
      26
      28
      37
      33
      27
      31
      29
      17
      23
      23
      25
      38
      24
      18
      20
      20
      24
      21
      20
      25
      24
      22
      27
      23
      21
      22
      18
      21
      27
      24
      24
      20
      16
      13
      19
      26
      21
      12
      17
      17
      20
      19
      24
      22
      26
      16
      22
      20
      25
      15
      18
      18
      12
      25
      28
      15
      23
      22
      18
      25
      16
      14
      26
      14
      23
      19
      22
      18
      15
      22
      16
      12
      18
      21
      22
      22
      20
      16
      14
      11
      20
       9
      27
      14
      18
      13
      20
      22
      14
      13
      16
      16
      13
      47
     128
     267
     436
     339
     170
      60
      20
      15
       8
      20
       8
      25
      13
      19
      13
      15
      16
      15
      15
      17
      15
      11
      11
      13
      12
      15
      11
      11
      18
      17
      10
      10
      11
      18
      10
      10
       7
      11
      13
      13
      14
      12
      13
      12
      14
      17
      13
      14
      10
      11
      18
      12
       9
      11
      15
      12
      10
       9
      10
      14
      11
      20
      20
      27
      49
     148
     421
     818
     910
     682
     280
      85
      14
       7
      10
      13
      10
      12
      12
      12
      17
      10
      13
      13
      13
      15
       8
      14
       7
      11
      12
      10
      14
      11
      10
      10
       8
       9
      14
       7
       7
      13
       7
      11
       8
      16
      12
      11
      12
       5
       8
       5
       9
      15
       6
      10
      11
       7
       9
      11
       9
      10
       7
      10
      11
      14
       8
       8
       8
      10
      10
       9
      10
       8
      13
       9
       4
      11
      11
       9
      11
      15
       7
      10
      16
      11
      11
       9
      11
      13
      16
      17
       9
      11
       9
       2
      12
      18
       9
      10
       5
       7
       9
       6
       8
      14
       8
      18
       7
      10
      11
       7
       6
      15
       8
       5
      13
       7
       9
      10
      13
      10
       5
      11
       9
      10
      10
      13
       5
      11
      11
       9
      14
      15
      25
      47
     159
     562
    1370
    2192
    2379
    1597
     695
     191
      41
       5
       2
       0
       2
       4
       3
       4
       3
       5
       5
       1
       2
       3
       4
       3
       1
       4
       5
       3
       6
       2
       4
       8
       3
       4
       1
       5
       3
       4
       2
       3
       1
       5
       6
       5
       3
       0
       1
       3
       3
       2
       1
       4
       3
       7
       6
       3
       2
       3
       5
       6
       1
       3
       3
       9
       5
       0
       3
       7
       7
      26
      71
     171
     290
     294
     218
     102
      30
      11
       0
       5
       3
       1
       3
       4
       3
       0
       5
       2
       0
       3
       5
       4
       1
       2
       3
       3
       6
       2
       3
       3
       3
       3
       3
       0
       3
       1
       2
       1
       4
       1
       0
       3
       2
       0
       0
       3
       5
       0
       2
       4
       2
       0
       5
       6
       0
       0
       1
       3
       2
       3
       3
       2
       2
       3
       0
       2
       4
       3
       3
       1
       1
       4
       2
       2
       1
       3
       2
       1
       2
       3
       6
       1
       3
       5
       1
       2
       0
       3
       0
       1
       3
       1
       5
       5
       3
       1
       2
       5
       0
       0
       1
       3
       2
       5
       4
       2
       3
       2
       1
       1
       2
       0
       3
       1
       2
       5
       1
       0
       2
       0
       0
       6
       2
       5
       2
       3
       3
       3
       1
       2
       2
       7
       2
       4
       6
       3
       4
       3
       0
       2
       1
       4
       1
       3
       2
       1
       2
       2
       2
       1
       1
       3
       3
       0
       0
       3
       3
       4
       1
       4
       0
       4
       1
       2
       1
       3
       3
       6
       4
       4
       1
       2
       2
       2
       5
       3
       2
       1
       2
       0
       2
       0
       3
       5
       0
       2
       3
       3
       5
       5
       2
       1
       3
       2
       1
       0
       5
       3
       2
       1
       1
       3
       0
       3
       0
       3
       2
       1
       0
       2
       4
       4
       2
       1
       2
       3
       3
       5
       3
       2
       2
       0
       2
       2
       4
       1
       1
       1
       2
       1
       2
       4
       4
       0
       1
       2
       2
       2
       2
       0
       1
       2
       1
       2
       1
       2
       1
       0
       1
       2
       4
       2
       2
       1
       1
       2
       0
       0
       2
       2
       1
       3
       1
       2
       0
       2
       1
       0
       2
       2
       3
       2
       1
       2
       3
       2
       2
       2
       3
       2
       1
       3
       2
       0
       5
       6
       1
       2
       1
       3
       3
       3
       1
       2
       6
       2
       0
       1
       0
       0
       3
       4
       4
       0
       1
       4
       4
       4
       0
       3
       1
       2
       1
       6
       2
       3
       7
       2
       7
       5
      10
       3
       4
       1
       1
       0
       6
       3
       4
       3
       1
       1
       3
       0
       1
       3
       3
       1
       1
       1
       1
       0
       1
       1
       0
       1
       8
       0
       3
       3
       3
       0
       1
       1
       4
       3
       2
       3
       3
       1
       3
       0
       0
       1
       2
       3
       1
       1
       1
       2
       1
       2
       3
       2
       1
       2
       3
       0
       1
       1
       1
       2
       1
       3
       4
       1
       4
       3
       3
       2
       1
       1
       1
       1
       1
       0
       1
       2
       1
       2
       4
       1
       2
       1
       1
       0
       1
       2
       4
       1
       1
       0
       1
       3
       0
       1
       1
       0
       2
       3
       3
       4
       2
       1
       1
       0
       2
       1
       1
       3
       0
       2
       1
       0
       2
       5
       0
       1
       6
       2
       0
       1
       5
       2
       1
       3
       0
       1
       1
       1
       1
       4
       0
       2
       3
       1
       3
       2
       3
       6
       1
       1
       1
       2
       0
       1
       5
       4
       2
       0
       1
       1
       2
       1
       1
       1
       4
       1
       1
       1
       1
       1
       1
       4
       2
       0
       2
       2
       0
       2
       1
       1
       0
       3
       1
       1
       1
       2
       4
       2
       4
       4
       0
       1
       2
       2
       2
       2
       0
       1
       4
       1
       3
       3
       2
       3
       2
       5
       0
       2
       1
       0
       2
       1
       1
       3
       1
       0
       0
       1
       1
       2
       1
       0
       1
       1
       3
       0
       0
       2
       2
       5
       2
       1
       1
       2
       1
       0
       1
       2
       2
       1
       1
       1
       0
       2
       2
       0
       4
       0
       2
       3
       4
       1
       1
       3
       1
       4
       1
       2
       0
       2
       2
       0
       3
       0
       1
       1
       1
       0
       2
       2
       3
       0
       3
       1
       1
       0
       1
       0
       0
       1
       2
       2
       3
       3
       0
       1
       2
       2
       1
       3
       1
       2
       6
       1
       2
       3
       1
       1
       3
       2
       1
       0
       1
       1
       0
       0
       0
       0
       1
       1
       0
       0
       0
       1
       1
       1
       3
       1
       0
       0
       0
       0
       1
       0
       2
       0
       0
       2
       3
       1
       1
       1
       0
       1
       1
       1
       0
       0
       1
       1
       2
       2
       1
       1
       0
       1
       3
       2
       3
       1
       0
       1
       1
       2
       2
       1
       5
       3
       2
       2
       1
       0
       1
       0
       1
       1
       1
       0
       0
       1
       1
       2
       2
       3
       1
       1
       1
       4
       3
       5
       2
       3
       2
       0
       3
       3
       1
       1
       0
       1
       0
       1
       1
       0
       1
       1
       0
       1
       2
       0
       2
       1
       1
       1
       1
       1
       4
       0
       0
       2
       2
       4
       0
       1
       2
       0
       1
       2
       0
       0
       2
       1
       1
       0
       1
       1
       1
       3
       4
       1
       0
       3
       2
       0
       0
       1
       2
       0
       0
       4
       4
       0
       0
       2
       0
       4
       0
       2
       0
       3
       0
       1
       0
       3
       0
       1
       1
       0
       3
       1
       2
       0
       0
       0
       1
       0
       4
       0
       1
       3
       0
       2
       0
       2
       1
       1
       3
       1
       1
       3
       2
       3
       0
       2
       0
       2
       0
       1
       0
       2
       2
       2
       2
       1
       2
       2
       2
       0
       2
       0
       2
       2
       1
       1
       1
       1
       1
       1
       2
       0
       2
       0
       1
       3
       0
       0
       2
       1
       2
       1
       2
       0
       0
       1
       2
       0
       1
       1
       1
       2
       1
       1
       4
       4
       1
       1
       0
       0
       0
       2
       2
       2
       1
       2
       2
       2
       4
       2
       2
       5
       1
       0
       0
       2
       1
       1
       1
       1
       1
       0
       1
       2
       2
       0
       2
       1
       1
       3
       1
       1
       2
       2
       0
       1
       1
       1
       2
       2
       2
       1
       1
       0
       2
       0
       2
       0
       0
       0
       1
       1
       0
       1
       0
       0
       2
       2
       2
       3
       1
       0
       0
       2
       0
       0
       0
       1
       1
       2
       1
       0
       2
       2
       3
       1
       0
       0
       1
       0
       1
       0
       2
       1
       1
       0
       0
       0
       1
       1
       0
       1
       1
       1
       1
       2
       1
       2
       1
       1
       0
       1
       1
       0
       2
       1
       0
       0
       2
       1
       1
       0
       1
       0
       0
       1
       3
       4
       2
       0
       3
       2
       0
       0
       1
       0
       0
       0
       1
       1
       2
       1
       2
       1
       2
       0
       1
       2
       5
       1
       1
       2
       0
       0
       1
       0
       1
       1
       0
       2
       1
       0
       1
       0
       0
       1
       1
       2
       0
       0
       1
       1
       2
       0
       1
       0
       1
       2
       3
       1
       1
       0
       2
       1
       1
       0
       1
       3
       2
       2
       1
       1
       1
       0
       1
       0
       1
       2
       1
       2
       1
       2
       1
       1
       0
       1
       1
       1
       1
       2
       3
       1
       0
       0
       0
       2
       1
       1
       2
       2
       0
       0
       1
       1
       0
       0
       0
       1
       3
       2
       0
       1
       0
       1
       1
       2
       2
       1
       0
       0
       0
       4
       0
       0
       2
       1
       2
       1
       3
       0
       1
       0
       2
       2
       2
       0
       0
       3
       1
       0
       3
       2
       0
       3
       0
       1
       2
       3
       2
       0
       0
       1
       0
       3
       1
       0
       1
       0
       1
       0
       1
       1
       0
       0
       2
       1
       0
       0
       1
       2
       0
       2
       0
       3
       2
       0
       1
       2
       1
       1
       1
       1
       1
       3
       0
       1
       1
       0
       0
       1
       2
       0
       1
       1
       0
       3
       2
       1
       1
       0
       4
       1
       1
       2
       1
       1
       1
       1
       1
       1
       0
       0
       2
       2
       1
       1
       2
       0
       1
       0
       2
       0
       0
       3
       0
       2
       0
       1
       0
       2
       0
       0
       1
       2
       0
       0
       1
       0
       1
       1
       0
       0
       1
       1
       1
       1
       0
       0
       2
       1
       0
       2
       0
       2
       2
       3
       1
       3
       0
       0
       1
       0
       1
       0
       1
       0
       0
       1
       1
       2
       1
       3
       2
       3
       2
       1
       0
       0
       1
       1
       0
       1
       1
       1
       0
       1
       1
       0
       1
       0
       1
       0
       0
       0
       2
       0
       0
       1
       1
       0
       1
       0
       3
       0
       3
       1
       0
       1
       1
       0
       1
       1
       2
       0
       1
       1
       1
       0
       0
       2
       1
       0
       0
       2
       0
       0
       0
       1
       1
       0
       1
       1
       2
       1
       1
       0
       0
       0
       1
       0
       1
       3
       0
       0
       0
       0
       1
       0
       1
       1
       0
       0
       1
       1
       1
       0
       0
       0
       2
       0
       1
       0
       0
       2
       1
       0
       2
       0
       0
       1
       2
       1
       0
       2
       1
       1
       1
       1
       1
       2
       1
       2
       3
       1
       1
       0
       3
       1
       2
       0
       1
       2
       2
       1
       1
       0
       0
       4
       1
       1
       2
       0
       1
       1
       0
       1
       0
       2
       0
       0
       1
       3
       0
       0
       1
       0
       1
       0
       0
       0
       2
       0
       2
       0
       0
       3
       2
       2
       0
       2
       1
       0
       1
       1
       0
       1
       2
       1
       1
       0
       0
       0
       1
       0
       0
       1
       1
       3
       1
       0
       0
       0
       1
       2
       0
       1
       2
       0
       3
       2
       1
       1
       0
       2
       0
       0
       0
       1
       1
       0
       0
       2
       2
       0
       0
       0
       0
       1
       0
       0
       3
       2
       1
       2
       2
       0
       1
       1
       1
       0
       0
       1
       2
       1
       3
       2
       1
       0
       1
       4
       0
       1
       2
       0
       1
       0
       0
       2
       2
       1
       1
       0
       0
       1
       1
       1
       2
       1
       0
       0
       1
       0
       1
       3
       0
       1
       0
       6
       1
       1
       2
       1
       1
       0
       0
       0
       1
       1
       0
       2
       0
       0
       0
       0
       1
       1
       0
       0
       1
       0
       0
       2
       0
       1
       1
       2
       0
       0
       1
       1
       2
       0
       0
       0
       1
       2
       2
       1
       1
       1
       1
       0
       3
       0
       1
       1
       1
       0
       0
       0
       0
       0
       2
       1
       1
       0
       1
       1
       1
       1
       1
       1
       0
       2
       4
       3
       1
       1
       2
       0
       0
       3
       1
       0
       2
       0
       1
       0
       0
       0
       1
       2
       1
       0
       0
       2
       1
       0
       0
       0
       2
       0
       0
       1
       0
       1
       0
       1
       1
       1
       0
       3
       0
       1
       2
       0
       1
       0
       0
       1
       0
       1
       2
       0
       1
       0
       0
       1
       1
       0
       1
       1
       1
       1
       0
       0
       0
       2
       0
       0
       0
       0
       0
       1
       0
       1
       1
       3
       2
       1
       2
       0
       0
       2
       0
       1
       0
       1
       0
       0
       1
       0
       2
       1
       0
       0
       0
       1
       1
       1
       0
       1
       0
       1
       0
       0
       1
       1
       0
       0
       0
       0
       1
       0
       0
       2
       3
       3
       1
       0
       0
       0
       1
       2
       0
       1
       0
       0
       1
       2
       1
       0
       0
       2
       1
       0
       0
       4
       1
       0
       0
       1
       0
       1
       0
       1
       0
       1
       2
       2
       0
       1
       1
       1
       0
       1
       1
       0
       0
       0
       0
       0
       0
       3
       0
       0
       0
       1
       2
       2
       0
       0
       0
       0
       1
       0
       1
       1
       0
       0
       2
       1
       1
       0
       0
       0
       2
       1
       1
       0
       0
       2
       1
       2
       1
       0
       1
       2
       0
       3
       1
       0
       1
       1
       0
       0
       0
       1
       0
       1
       1
       0
       0
       2
       0
       0
       3
       0
       1
       0
       2
       1
       1
       0
       0
       0
       1
       0
       1
       1
       0
       0
       0
       0
       0
       1
       0
       0
       1
       1
       0
       0
       1
       2
       1
       1
       2
       3
       0
       0
       2
       0
       0
       0
       2
       1
       0
       0
       3
       0
       1
       1
       0
       1
       0
       1
       1
       5
       0
       2
       0
       1
       1
       1
       1
       0
       1
       0
       2
       0
       3
       1
       1
       2
       2
       0
       1
       0
       1
       0
       1
       0
       2
       2
       1
       0
       0
       0
       0
       0
       1
       0
       0
       4
       0
       3
       0
       1
       1
       1
       0
       0
       0
       1
       1
       0
       2
       2
       0
       2
       0
       0
       0
       0
       0
       1
       0
       2
       2
       2
       0
       1
       1
       0
       0
       1
       0
       0
       1
       1
       0
       2
       0
       1
       0
       1
       1
       0
       0
       2
       0
       2
       0
       0
       0
       0
       1
       2
       0
       1
       0
       0
       1
       1
       1
       0
       1
       1
       2
       0
       0
       1
       0
       0
       1
       0
       0
       2
       0
       0
       0
       0
       0
       0
       0
       1
       3
       1
       2
       0
       1
       0
       1
       1
       0
       0
       1
       2
       0
       1
       1
       0
       0
       1
       0
       1
       0
       0
       0
       0
       1
       1
       0
       1
       0
       1
       0
       0
       1
       0
       4
       0
       1
       0
       0
       0
       1
       0
       0
       0
       0
       1
       0
       0
       1
       0
       0
       0
       0
       2
       0
       0
       0
       1
       0
       0
       1
       0
       0
       1
       2
       1
       1
       0
       0
       1
       3
       1
       1
       1
       1
       0
       0
       1
       1
       0
       0
       3
       2
       0
       2
       0
       1
       0
       2
       2
       1
       0
       0
       0
       2
       0
       1
       0
       1
       1
       1
       1
       0
       0
       0
       0
       2
       0
       0
       1
       1
       1
       0
       0
       2
       1
       1
       0
       1
       0
       0
       0
       0
       1
       1
       0
       1
       0
       0
       0
       1
       0
       1
       0
       0
       0
       0
       0
       0
       1
       3
       0
       1
       0
       1
       0
       1
       0
       0
       0
       2
       0
       0
       0
       0
       1
       1
       0
       0
       1
       0
       0
       0
       0
       0
       1
       1
       1
       0
       1
       0
       1
       0
       0
       0
       0
       1
       1
       0
       2
       1
       1
       1
       2
       3
       3
       1
       1
       0
       0
       1
       1
       0
       0
       2
       1
       1
       0
       0
       1
       1
       2
       0
       0
       0
       0
       0
       1
       0
       0
       1
       1
       0
       1
       1
       1
       2
       2
       0
       0
       2
       1
       1
       0
       0
       2
       1
       0
       0
       0
       2
       0
       0
       1
       1
       0
       0
       0
       1
       0
       0
       1
       0
       0
       0
       1
       0
       2
       2
       1
       0
       0
       0
       0
       0
       0
       0
       0
       0
       2
       1
       0
       0
       0
       0
       2
       1
       0
       2
       0
       0
       0
       0
       0
       0
       2
       0
       1
       0
       2
       2
       1
       0
       0
       1
       1
       1
       1
       2
       1
       0
       2
       1
       1
       1
       1
       1
       0
       2
       0
       1
       0
       0
       1
       1
       0
       1
       0
       1
       0
       0
       1
       1
       1
       1
       0
       0
       0
       0
       0
       1
       0
       0
       0
       1
       1
       2
       2
       0
       0
       0
       0
       1
       0
       0
       0
       0
       0
       0
       0
       0
       0
       0
       1
       1
       2
       0
       0
       1
       0
       0
       1
       0
       2
       0
       1
       1
       0
       0
       1
       0
       1
       0
       0
       0
       0
       0
       0
       0
       0
       0
       0
       0
       0
       0
       0
       2
       0
       0
       0
       0
       1
       1
       0
       0
       0
       0
       1
       0
       1
       0
       1
       0
       0
       0
       0
       0
       1
       0
       1
       1
       1
       0
       4
       0
       0
       0
       1
       1
       1
       1
       1
       0
       0
       1
       0
       0
       2
       1
       0
       0
       0
       2
       0
       0
       0
       0
       0
       0
       0
       0
       0
       0
       0
       0
       1
       0
       1
       1
       2
       2
       0
       0
       1
       1
       0
       0
       0
       0
       1
       0
       0
       0
       0
       0
       2
       1
       0
       0
       0
       1
       0
       0
       0
       1
       0
       1
       0
       0
       0
       0
       0
       0
       1
       1
       0
       0
       0
       0
       0
       1
       0
       1
       0
       0
       0
       0
       0
       0
       0
       1
       0
       1
       0
       1
       0
       0
       0
       2
       0
       0
       0
       0
       0
       1
       1
       0
       0
       0
       1
       2
       1
       0
       1
       0
       0
       0
       0
       0
       1
       1
       2
       1
       0
       0
       0
       0
       0
       1
       0
       0
       0
       1
       1
       0
       0
       1
       0
       1
       0
       0
       1
       1
       0
       0
       1
       2
       1
       2
       0
       0
       0
       0
       2
       1
       0
       0
       1
       0
       1
       1
       0
       0
       0
       1
       0
       1
       0
       0
       1
       0
       0
       1
       0
       0
       0
       0
       0
       0
       0
       0
       0
       2
       0
       0
       0
       0
       0
       2
       0
       2
       0
       0
       0
       0
       0
       0
       2
       1
       0
       0
       0
       0
       0
       1
       0
       1
       0
       1
       0
       0
       2
       2
       1
       0
       0
       1
       1
       0
       1
       0
       0
       0
       0
       0
       0
       0
       0
       0
       0
       0
       1
       0
       0
       1
       0
       0
       0
       1
       0
       0
       0
       0
       0
       1
       0
       0
       0
       1
       0
       1
       1
       0
       0
       2
       0
       1
       1
       1
       0
       0
       0
       0
       0
       0
       0
       0
       1
       0
       1
       0
       0
       0
       0
       3
       1
       0
       0
       2
       1
       0
       1
       0
       0
       1
       0
       0
       2
       0
       1
       0
       0
       0
       0
       0
       0
       1
       0
       0
       0
       2
       1
       0
       1
       0
       0
       1
       1
       0
       0
       0
       0
       0
       1
       0
       0
       1
       0
       0
       0
       2
       0
       0
       0
       1
       0
       1
       1
       0
       0
       1
       1
       2
       0
       5
       4
       2
       2
       3
       6
       4
      10
       4
       2
       2
       1
       0
       0
       0
       0
       0
       0
       0
       1
       0
       0
       1
       0
       1
       0
       1
       0
       0
       0
       0
       0
       0
       0
       1
       0
       0
       0
       0
       0
       0
       0
       1
       0
       0
       1
       0
       0
       0
       0
       0
       0
       0
       0
       0
       0
       0
       0
       0
       0
       1
       1
       0
       1
       1
       0
       1
       0
       0
       2
       1
       0
       0
       1
       3
       0
       2
       0
       0
       0
       0
       0
       0
       0
       0
       1
       0
       1
       0
       0
       1
       0
       0
       0
       2
       0
       0
       1
       0
       0
       0
       0
       0
       0
       0
       0
       1
       0
       0
       0
       0
       0
       2
       0
       0
       0
       1
       0
       0
       1
       0
       0
       0
       1
       0
       0
       1
       0
       0
       0
       2
       0
       0
       1
       0
       1
       0
       0
       0
       0
       2
       1
       0
       0
       0
       0
       0
       1
       1
       0
       0
       0
       0
       0
       0
       0
       0
       1
       0
       0
       1
       0
       0
       0
       1
       0
       0
       0
       1
       0
       0
       1
       0
       0
       1
       0
       0
       1
       0
       1
       1
       0
       0
       0
       0
       0
       0
       0
       1
       0
       0
       0
       0
       0
       0
       0
       0
       0
       1
       1
       1
       1
       0
       0
       0
       1
       1
       1
       0
       1
       1
       0
       1
       2
       0
       0
       0
       0
       0
       0
       2
       0
       1
       0
       2
       1
       1
       1
       1
       1
       0
       1
       0
       1
       0
       0
       0
       0
       0
       0
       0
       0
       1
       0
       0
       0
       0
       1
       2
       1
       1
       0
       0
       0
       0
       0
       0
       0
       1
       0
       1
       1
       0
       0
       0
       0
       0
       0
       1
       0
       0
       0
       0
       0
       0
       0
       0
       0
       0
       0
       0
       1
       0
       1
       1
       0
       0
       0
       0
       0
       1
       0
       1
       0
       0
       0
       0
       0
       0
       0
       0
       0
       0
       0
       0
       0
       1
       0
       2
       0
       0
       1
       1
       1
       1
       0
       0
       2
       0
       0
       0
       0
       0
       0
       0
       0
       1
       0
       2
       0
       0
       0
       0
       0
       0
       0
       1
       0
       1
       0
       0
       0
       1
       0
       0
       0
       0
       1
       0
       0
       0
       0
       0
       0
       0
       0
       0
       1
       0
       0
       0
       0
       0
       0
       1
       0
       0
       0
       0
       0
       1
       0
       0
       0
       0
       0
       0
       1
       0
       0
       1
       0
       0
       1
       0
       0
       0
       1
       0
       0
       0
       0
       0
       1
       1
       0
       0
       0
       0
       0
       0
       0
       0
       2
       0
       0
       0
       0
       1
       0
       0
       2
       1
       0
       0
       0
       0
       0
       1
       1
       0
       1
       0
       0
       1
       1
       0
       1
       0
       0
       0
       0
       1
       0
       0
       0
       1
       0
       1
       0
       0
       0
       1
       0
       0
       0
       0
       0
       0
       0
       0
       1
       1
       0
       0
       0
       0
       0
       0
       0
       0
       0
       0
       1
       1
       0
       1
       0
       0
       1
       1
       0
       0
       0
       0
       0
       0
       0
       1
       0
       0
       0
       0
       0
       0
       0
       0
       0
       0
       1
       0
       1
       0
       0
       0
       1
       0
       0
       0
       0
       0
       0
       0
       0
       0
       0
       0
       1
       0
       0
       0
       0
       0
       0
       0
       0
       0
       1
       0
       0
       0
       0
       0
       0
       0
       0
       0
       0
       0
       0
       0
       0
       1
       0
       0
       0
       0
       0
       0
       0
       0
       0
       0
       0
       0
       0
       0
       0
       0
       1
       0
       0
       0
       0
       0
       0
       0
       0
       0
       1
       0
       0
       0
       0
       0
       1
       0
       0
       1
       0
       0
       2
       0
       0
       0
       0
       0
       0
       0
       0
       0
       0
       0
       0
       0
       1
       0
       0
       1
       0
       1
       0
       0
       0
       0
       1
       0
       0
       0
       0
       0
       1
       0
       0
       1
       1
       0
       0
       0
       0
       0
       0
       0
       0
       0
       0
       0
       0
       0
       0
       0
       0
       0
       0
       0
       1
       0
       0
       0
       0
       0
       0
       1
       0
       0
       0
       1
       0
       1
       2
       0
       1
       0
       0
       1
       0
       0
       0
       0
       0
       0
       0
       0
       0
       0
       0
       1
       0
       0
       0
       0
       0
       0
       0
       0
       0
       0
       2
       0
       0
       0
       0
       0
       0
       0
       0
       0
       0
       0
       0
       0
       0
       0
       0
       0
       1
       0
       0
       0
       0
       0
       0
       0
       0
       0
       0
       0
       0
       0
       0
       0
       0
       0
       0
       0
       1
       0
       0
       0
       0
       0
       0
       0
       0
       0
       0
       0
       0
       1
       1
       0
       0
       0
       0
       0
       0
       1
       0
       0
       1
       0
       0
       0
       0
       0
       0
       1
       0
       0
       0
       0
       0
       0
       0
       0
       0
       0
       0
       0
       0
       2
       0
       1
       2
       2
       1
       1
       1
       1
       1
       1
       1
       1
       1
       1
       0
       1
       0
       0
       0
       0
       0
       0
       0
       0
       0
       0
       0
       0
       0
       0
       0
       0
       0
       0
       0
       0
       0
       0
       0
       0
       0
       0
       0
       0
       0
       0
       0
       0
       1
       0
       0
       0
       0
       1
       1
       0
       0
       0
       1
       0
       0
       0
       0
       0
       1
       0
       0
       0
       0
       0
       0
       0
       0
       0
       0
       0
       0
       0
       0
       0
       0
       0
       1
       0
       1
       0
       0
       0
       0
       0
       0
       0
       0
       0
       0
       0
       0
       0
       0
       1
       0
       0
       0
       0
       0
       0
       0
       1
       0
       0
       0
       0
       0
       1
       1
       0
       0
       0
       0
       0
       0
       0
       1
       0
       0
       0
       1
       0
       0
       1
       0
       0
       0
       0
       0
       0
       0
       0
       0
       0
       0
       0
       0
       0
       0
       0
       0
       0
       0
       0
       0
       0
       0
       0
       0
       0
       0
       1
       0
       0
       0
       0
       0
       0
       0
       1
       0
       0
       0
       0
       0
       0
       0
       2
       1
       0
       0
       0
       0
       0
       0
       1
       2
       0
       0
       0
       0
       0
       0
       0
       0
       0
       0
       0
       0
       0
       0
       0
       0
       1
       0
       0
       0
       0
       0
       0
       0
       0
       0
       0
       0
       0
       0
       0
       0
       0
       1
       0
       0
       0
       0
       0
       1
       0
       0
       0
       0
       0
       0
       0
       0
       0
       0
       1
       1
       0
       0
       0
       0
       0
       0
       0
       0
       0
       0
       0
       0
       0
       0
       0
       0
       0
       0
       0
       0
       0
       0
       1
       0
       0
       2
       0
       0
       0
       0
       0
       0
       0
       0
       0
       1
       0
       0
       0
       0
       0
       0
       0
       0
       0
       1
       0
       1
       0
       0
       0
       0
       0
       0
       0
       0
       1
       0
       0
       0
       0
       0
       0
       0
       0
       0
       0
       0
       0
       0
       0
       1
       0
       0
       1
       0
       0
       0
       1
       0
       0
       0
       1
       0
       0
       1
       0
       0
       0
       0
       0
       0
       0
       0
       1
       1
       1
       1
       0
       0
       1
       0
       0
       0
       2
       1
       0
       0
       0
       1
       0
       0
       0
       1
       0
       0
       0
       0
       0
       0
       0
       0
       0
       0
       0
       0
       0
       0
       1
       0
       0
       0
       0
       0
       0
       0
       0
       0
       0
       1
       0
       0
       0
       0
       0
       0
       0
       0
       0
       0
       0
       0
       0
       0
       0
       0
       0
       0
       0
       0
       0
       0
       0
       0
       0
       0
       0
       0
       0
       1
       1
       0
       0
       0
       0
       1
       0
       0
       0
       0
       0
       0
       0
       0
       0
       0
       0
       0
       0
       0
       1
       1
       0
       0
       0
       0
       0
       1
       1
       0
       0
       1
       0
       0
       0
       1
       0
       0
       0
       0
       0
       0
       0
       0
       0
       0
       1
       0
       0
       0
       1
       1
       0
       0
       1
       0
       0
       0
       0
       0
       0
       1
       0
       0
       2
       0
       0
       0
       0
       0
       0
       0
       0
       0
       0
       0
       0
       0
       0
       0
       0
       0
       0
       0
       0
       0
       0
       1
       0
       0
       1
       0
       0
       0
       0
       0
       0
       0
       0
       0
       0
       0
       0
       0
       1
       0
       0
       0
       0
       0
       1
       0
       0
       0
       0
       1
       0
       0
       0
       0
       0
       0
       0
       0
       0
       0
       0
       0
       0
       0
       1
       0
       1
       1
       0
       0
       0
       0
       0
       1
       0
       0
       0
       0
       0
       0
       1
       0
       1
       1
       0
       1
       0
       0
       0
       0
       0
       0
       0
       0
       0
       0
       0
       0
       0
       1
       0
       1
       0
       0
       0
       0
       0
       0
       0
       0
       0
       0
       0
       0
       0
       0
       0
       0
       0
       0
       0
       0
       1
       0
       0
       0
       0
       0
       0
       0
       1
       0
       0
       0
       0
       0
       0
       0
       0
       0
       0
       0
       0
       0
       0
       0
       1
       0
       0
       0
       0
       0
       0
       0
       0
       0
       0
       0
       0
       0
       0
       0
       0
       0
       0
       0
       0
       0
       0
       0
       0
       0
       1
       0
       0
       0
       0
       0
       0
       0
       0
       0
       0
       0
       0
       0
       0
       0
       0
       0
       0
       0
       0
       1
       0
       0
       0
       0
       1
       0
       0
       0
       0
       1
       0
       0
       0
       0
       1
       0
       0
       1
       0
       0
       0
       0
       0
       0
       0
       0
       0
       1
       2
       0
       0
       0
       0
       1
       0
       0
       1
       0
       0
       0
       0
       0
       0
       0
       0
       0
       0
       0
       0
       0
       0
       0
       0
       0
       1
       0
       0
       0
       0
       0
       0
       0
       0
       0
       0
       0
       0
       0
       0
       1
       0
       0
       0
       0
       0
       1
       0
       0
       0
       0
       0
       0
       0
       0
       0
       0
       0
       0
       0
       1
       0
       0
       0
       0
       1
       0
       1
       0
       0
       0
       0
       0
       0
       0
       0
       0
       1
       0
       0
       0
       1
       0
       0
       0
       0
       0
       0
       0
       0
       0
       0
       0
       0
       0
       0
       0
       1
       0
       0
       0
       0
       0
       0
       0
       0
       0
       0
       0
       0
       0
       0
       0
       0
       1
       0
       0
       0
       0
       0
       0
       0
       0
       0
       0
       0
       0
       0
       0
       0
       0
       1
       0
       0
       0
       0
       0
       0
       0
       0
       0
       0
       0
       0
       0
       0
       0
       0
       0
       0
       0
       0
       0
       0
       1
       0
       0
       1
       1
       0
       0
       2
       1
       0
       0
       0
       0
       0
       0
       0
       0
       0
       0
       0
       0
       0
       0
       0
       1
       0
       0
       0
       0
       0
       0
       0
       0
       0
       0
       0
       0
       0
       0
       0
       0
       0
       0
       0
       0
       0
       0
       0
       0
       0
       0
       1
       0
       0
       0
       0
       0
       0
       0
       0
       0
       0
       0
       0
       0
       0
       0
       0
       0
       0
       0
       0
       0
       0
       0
       0
       0
       0
       0
       0
       0
       0
       1
       0
       0
       0
       0
       0
       0
       1
       0
       0
       0
       0
       0
       0
       1
       0
       0
       0
       0
       0
       0
       0
       0
       0
       0
       0
       0
       0
       0
       0
       0
       0
       0
       0
       0
       0
       0
       0
       0
       0
       0
       0
       0
       0
       0
       0
       0
       0
       0
       1
       0
       0
       0
       0
       0
       1
       0
       0
       0
       0
       0
       0
       1
       0
       0
       0
       0
       0
       0
       0
       0
       0
       0
       0
       1
       0
       0
       0
       0
       0
       0
       0
       1
       0
       0
       0
       0
       0
       0
       0
       1
       0
       0
       0
       0
       0
       0
       0
       0
       0
       0
       0
       0
       0
       0
       0
       0
       1
       0
       0
       0
       0
       0
       0
       0
       2
       0
       0
       0
       0
       0
       0
       0
       0
       0
       0
       0
       0
       0
       0
       0
       0
       0
       0
       0
       0
       0
       0
       0
       0
       0
       1
       0
       0
       0
       0
       1
       0
       0
       0
       0
       0
       0
       0
       0
       0
       0
       1
       0
       1
       0
       1
       1
       0
       1
       0
       0
       0
       0
       0
       1
       2
       1
       0
       0
       0
       0
       0
       0
       0
       0
       0
       0
       0
       0
       0
       0
       0
       0
       0
       0
       0
       0
       0
       0
       0
       0
       1
       0
       0
       0
       0
       0
       0
       0
       0
       0
       0
       0
       0
       0
       0
       0
       0
       0
       0
       0
       0
       1
       0
       1
       0
       0
       0
       0
       0
       0
       0
       0
       0
       0
       0
       0
       0
       0
       0
       0
       0
       0
       0
       0
       0
       0
       0
       0
       0
       0
       0
       0
       0
       0
       0
       0
       0
       0
       0
       1
       0
       0
       0
       0
       1
       0
       1
       0
       2
       0
       0
       0
       0
       0
       0
       0
       0
       1
       0
       0
       0
       0
       0
       0
       0
       0
       0
       0
       0
       0
       0
       0
       0
       0
       0
       0
       0
       0
       0
       0
       0
       0
       0
       0
       1
       0
       0
       1
       0
       0
       0
       0
       0
       0
       0
       0
       0
       0
       0
       0
       0
       0
       0
       0
       0
       0
       0
       0
       0
       0
       0
       0
       0
       0
       0
       0
       1
       0
       0
       0
       0
       0
       0
       0
       0
       0
       0
       0
       0
       0
       0
       0
       0
       0
       0
       0
       0
       0
       1
       1
       0
       0
       1
       0
       0
       0
       0
       0
       0
       0
       0
       0
       0
       0
       0
       0
       0
       0
       0
       0
       0
       0
       0
       0
       0
       0
       1
       0
       1
       1
       0
       0
       0
       0
       0
       0
       0
       0
       0
       1
       1
       0
       0
       0
       0
       1
       0
       0
       0
       0
       1
       0
       0
       0
       0
       0
       0
       0
       0
       0
       0
       0
       0
       0
       0
       0
       0
       0
       0
       0
       0
       0
       0
       1
       0
       0
       0
       0
       0
       0
       0
       0
       0
       1
       0
       0
       0
       0
       0
       0
       0
       1
       1
       0
       0
       0
       0
       0
       0
       0
       0
       1
       0
       0
       0
       0
       0
       0
       0
       0
       0
       0
       0
       0
       0
       0
       0
       0
       0
       0
       0
       0
       0
       0
       0
       0
       0
       0
       0
       0
       0
       0
       0
       0
       0
       0
       0
       0
       0
       0
       0
       0
       0
       0
       0
       1
       0
       0
       0
       0
       1
       0
       0
       0
       0
       0
       0
       0
       0
       0
       0
       0
       0
       0
       0
       0
       0
       0
       0
       0
       0
       0
       1
       0
       0
       0
       0
       0
       0
       0
       0
       0
       0
       0
       0
       0
       0
       0
       0
       0
       0
       0
       0
       0
       0
       0
       0
       0
       0
       0
       0
       0
       0
       0
       0
       0
       0
       0
       0
       0
       0
       1
       0
       0
       0
       0
       0
       0
       0
       2
       0
       0
       0
       0
       0
       0
       0
       0
       0
       0
       0
       1
       0
       0
       1
       0
       0
       0
       0
       0
       0
       0
       1
       0
       0
       0
       1
       0
       0
       1
       1
       0
       0
       0
       0
       0
       0
       0
       0
       0
       0
       0
       0
       0
       0
       0
       0
       0
       0
       0
       0
       0
       0
       0
       0
       0
       0
       1
       0
       0
       0
       0
       0
       0
       0
       0
       1
       0
       0
       0
       0
       0
       0
       0
       0
       0
       0
       0
       0
       0
       0
       0
       0
       0
       0
       0
       0
       0
       0
       0
       0
       0
       0
       1
       0
       0
       0
       0
       0
       0
       0
       0
       0
       0
       0
       0
       0
       0
       0
       0
       0
       2
       0
       0
       0
       1
       0
       0
       0
       0
       0
       0
       0
       0
       0
       1
       0
       0
       0
       0
       0
       0
       0
       0
       0
       0
       0
       1
       0
       0
       0
       0
       0
       0
       1
       0
       0
       0
       0
       0
       0
       0
       0
       0
       0
       0
       0
       0
       0
       0
       0
       0
       0
       0
       0
       1
       0
       0
       0
       0
       0
       0
       0
       0
       0
       0
       0
       0
       0
       0
       0
       0
       0
       0
       0
       0
       0
       0
       1
       0
       2
       0
       0
       0
       0
       0
       0
       1
       0
       0
       0
       0
       0
       0
       0
       0
       0
       0
       0
       0
       0
       1
       0
       0
       0
       0
       0
       0
       0
       0
       0
       0
       0
       0
       0
       0
       0
       0
       0
       0
       0
       0
       0
       0
       0
       0
       0
       0
       0
       0
       0
       1
       0
       0
       0
       0
       0
       1
       0
       0
       0
       0
       0
       0
       0
       0
       0
       0
       0
       0
       0
       0
       0
       0
       0
       0
       0
       0
       0
       0
       0
       0
       0
       0
       0
       0
       0
       0
       0
       0
       0
       0
       0
       0
       0
       0
       0
       0
       0
       0
       0
       0
       0
       0
       0
       0
       0
       0
       0
       0
       0
       0
       0
       0
       0
       0
       1
       0
       0
       0
       0
       0
       0
       0
       0
       1
       0
       0
       0
       0
       0
       1
       0
       0
       0
       0
       0
       0
       0
       0
       0
       0
       0
       0
       0
       0
       0
       0
       0
       0
       0
       1
       0
       0
       0
       0
       0
       0
       0
       0
       0
       0
       0
       0
       0
       0
       0
       0
       0
       0
       1
       0
       1
       0
       0
       0
       0
       0
       0
       0
       0
       0
       0
       0
       0
       0
       1
       1
       0
       0
       0
       0
       0
       0
       0
       0
       0
       0
       0
       0
       1
       0
       0
       0
       0
       0
       0
       0
       0
       0
       0
       0
       1
       0
       0
       0
       0
       0
       0
       0
       0
       0
       1
       0
       1
       0
       0
       0
       0
       0
       0
       0
       0
       0
       0
       0
       0
       0
       0
       0
       0
       0
       0
       0
       0
       0
       0
       0
       0
       0
       0
       0
       0
       0
       0
       0
       0
       0
       0
       0
       0
       0
       0
       0
       0
       0
       0
       0
       0
       0
       0
       0
       0
       0
       0
       0
       0
       0
       0
       0
       0
       0
       0
       0
       0
       0
       0
       0
       0
       0
       0
       0
       0
       0
       0
       0
       0
       0
       0
       0
       0
       0
       0
       0
       0
       0
       0
       0
       0
       0
       0
       0
       0
       0
       0
       0
       0
       0
       0
       0
       0
       0
       0
       0
       0
       0
       0
       0
       0
       0
       0
       0
       0
       0
       0
       0
       0
       0
       0
       0
       0
       0
       0
       0
       0
       1
       0
       0
       0
       0
       0
       0
       0
       0
       0
       0
       0
       0
       0
       0
       0
       0
       0
       0
       0
       0
       0
       0
       0
       0
       0
       0
       0
       0
       0
       0
       0
       0
       0
       0
       0
       0
       0
       0
       0
       0
       0
       0
       0
       0
       0
       0
       0
       1
       0
       0
       0
       0
       0
       0
       0
       0
       0
       0
       0
       0
       0
       0
       0
       1
       0
       0
       0
       1
       0
       2
       1
       0
       3
       1
       1
       0
       0
       1
       1
       1
       0
       0
       0
       0
       0
       0
       0
       0
       0
       0
       0
       1
       0
       0
       0
       0
       0
       0
       0
       0
       0
       0
       0
       0
       1
       0
       0
       0
       0
       0
       0
       0
       0
       0
       0
       0
       0
       0
       0
       0
       0
       0
       0
       0
       0
       0
       0
       0
       0
       0
       0
       0
       0
       0
       0
       0
       0
       0
       0
       0
       0
       0
       0
       0
       0
       0
       0
       0
       0
       0
       0
       0
       0
       0
       0
       0
       0
       0
       0
       0
       0
       0
       0
       1
       0
       0
       0
       0
       0
       0
       0
       0
       0
       0
       0
       0
       0
       0
       0
       0
       0
       0
       0
       0
       0
       0
       0
       0
       0
       0
       0
       0
       0
       0
       0
       0
       0
       0
       0
       0
       0
       0
       0
       0
       0
       0
       0
       0
       0
       0
       0
       0
       0
       0
       0
       0
       0
       0
       0
       0
       0
       0
       0
       0
       0
       0
       0
       0
       0
       0
       0
       0
       0
       1
       0
       0
       0
       0
       0
       0
       0
       0
       0
       0
       0
       0
       0
       0
       0
       0
       0
       0
       0
       0
       0
       0
       0
       0
       0
       0
       0
       0
       1
       0
       0
       0
       0
       0
       0
       0
       0
       0
       0
       0
       0
       0
       0
       0
       0
       0
       0
       0
       0
       0
       0
       0
       0
       0
       0
       0
       0
       0
       0
       0
       0
       0
       0
       0
       0
       0
       0
       0
       0
       0
       0
       0
       0
       0
       0
       0
       1
       0
       0
       0
       0
       0
       0
       0
       0
       0
       0
       0
       0
       0
       0
       0
       0
       0
       0
       0
       0
       0
       0
       0
       0
       0
       1
       0
       0
       0
       0
       0
       0
       0
       0
       0
       0
       0
       0
       0
       0
       0
       0
       1
       0
       0
       0
       0
       0
       0
       0
       0
       0
       0
       0
       0
       0
       0
       0
       0
       0
       0
       0
       0
       0
       1
       0
       0
       0
       0
       0
       0
       0
       0
       0
       0
       0
       0
       0
       0
       0
       0
       0
       0
       0
       0
       0
       0
       0
       0
       0
       0
       0
       0
       0
       0
       1
       0
       0
       0
       0
       0
       0
       0
       0
       0
       0
       0
       0
       0
       0
       0
       0
       0
       0
       0
       0
       0
       0
       0
       0
       0
       0
       0
       0
       0
       0
       0
       0
       0
       0
       0
       0
       0
       0
       0
       0
       0
       0
       1
       0
       1
       1
       0
       0
       0
       0
       0
       0
       0
       0
       0
       0
       0
       0
       0
       0
       0
       0
       0
       0
       0
       0
       0
       0
       0
       0
       0
       0
       0
       0
       0
       0
       0
       0
       0
       0
       0
       0
       0
       0
       0
       0
       0
       0
       0
       0
       0
       1
       0
       0
       0
       0
       0
       0
       0
       0
       0
       0
       0
       0
       0
       0
       0
       0
       0
       0
       0
       0
       0
       0
       0
       0
       0
       0
       0
       0
       0
       0
       0
       0
       0
       0
       0
       0
       0
       0
       0
       0
       0
       0
       0
       0
       0
       0
       0
       0
       0
       0
       0
       0
       0
       0
       0
       0
       0
       0
       0
       0
       0
       0
       0
       0
       0
       0
       0
       0
       0
       0
       0
       0
       0
       0
       0
       0
       0
       0
       0
       0
       0
       0
       0
       0
       0
       0
       0
       0
       0
       0
       0
       0
       0
       0
       0
       0
       0
       0
       0
       0
       0
       0
       0
       0
       0
       0
       0
       0
       0
       0
       0
       0
       0
       0
       0
       0
       0
       0
       0
       0
       0
       0
       0
       0
       0
       0
       0
       0
       0
       0
       0
       0
       0
       0
       0
       0
       0
       0
       0
       0
       0
       0
       0
       0
       0
       0
       0
       0
       0
       0
       0
       0
       0
       0
       0
       0
       0
       0
       0
       0
       0
       0
       0
       0
       0
       0
       0
       0
       0
       0
       0
       0
       0
       0
       0
       0
       0
       0
       0
       0
       0
       0
       0
       0
       0
       0
       0
       0
       0
       0
       0
       0
       0
       0
       0
       0
       0
       0
       0
       0
       0
       0
       0
       0
       0
       0
       0
       0
       0
       0
       0
       0
       0
       0
       0
       0
       0
       0
       0
       0
       0
       0
       0
       0
       0
       0
       0
       0
       0
       0
       0
       0
       0
       0
       0
       0
       0
       0
       0
       0
       0
       0
       0
       0
       1
       0
       0
       0
       0
       0
       0
       0
       0
       0
       0
       0
       0
       0
       0
       0
       0
       0
       0
       0
       0
       0
       0
       0
       0
       0
       0
       0
       0
       0
       0
       0
       0
       0
       0
       0
       0
       0
       0
       0
       0
       0
       0
       0
       1
       0
       0
       1
       1
       0
       0
       0
       0
       0
       0
       0
       0
       0
       0
       0
       0
       0
       0
       0
       0
       0
       0
       0
       0
       0
       0
       0
       0
       0
       0
       0
       0
       0
       0
       0
       0
       0
       0
       0
       0
       0
       0
       0
       0
       0
       0
       0
       0
       0
       0
       0
       0
       0
       0
       0
       0
       0
       0
       0
       0
       0
       0
       0
       0
       0
       0
       0
       0
       0
       0
       0
       0
       0
       0
       0
       0
       0
       0
       0
       0
       0
       0
       0
       0
       0
       0
       0
       0
       0
       0
       0
       0
       0
       0
       0
       0
       0
       0
       0
       0
       0
       0
       0
       0
       0
       0
       0
       0
       0
       0
       0
       0
       0
       0
       0
       0
       0
       0
       0
       0
       0
       0
       0
       0
       0
       0
       0
       0
       0
       0
       0
       0
       0
       0
       0
       0
       0
       0
       0
       0
       0
       0
       0
       0
       0
       0
       0
       0
       0
       0
       0
       0
       0
       0
       0
       0
       0
       0
       0
       0
       0
       0
       0
       0
       0
       0
       0
       0
       1
       0
       0
       0
       0
       0
       0
       0
       0
       0
       0
       0
       0
       0
       0
       0
       0
       0
       0
       0
       0
       0
       0
       0
       0
       0
       0
       0
       0
       0
       0
       0
       0
       0
       0
       0
       0
       0
       0
       0
       0
       0
       0
       0
       0
       0
       0
       0
       0
       0
       0
       0
       0
       0
       0
       0
       0
       0
       0
       0
       0
       0
       0
       0
       1
       0
       0
       0
       0
       0
       0
       0
       0
       0
       0
       0
       0
       0
       0
       2
       0
       0
       0
       0
       0
       0
       0
       0
       0
       0
       0
       0
       0
       0
       0
       0
       0
       0
       0
       0
       0
       0
       0
       0
       0
       0
       0
       0
       0
       0
       0
       0
       0
       0
       0
       0
       0
       0
       0
       0
       0
       0
       0
       0
       0
       0
       0
       0
       0
       0
       0
       0
       0
       0
       0
       0
       0
       0
       0
       0
       0
       0
       0
       0
       0
       0
       0
       0
       0
       0
       0
       0
       0
       0
       0
       0
       0
       0
       0
       0
       0
       0
       0
       0
       0
       0
       0
       0
       0
       0
       0
       0
       0
       0
       0
       0
       0
       0
       0
       0
       0
       0
       1
       0
       0
       0
       0
       0
       0
       0
       0
       0
       0
       0
       0
       0
       0
       0
       0
       0
       0
       0
       0
       0
       0
       0
       0
       0
       0
       0
       0
       1
       0
       1
       0
       0
       0
       0
       0
       0
       0
       0
       0
       0
       0
       0
       0
       0
       0
       0
       0
       0
       0
       0
       0
       0
       0
       0
       0
       0
       0
       0
       0
       0
       0
       0
       0
       0
       0
       0
       0
       0
       0
       0
       0
       0
       0
       0
       0
       0
       0
       0
       0
       0
       0
       0
       0
       0
       0
       0
       0
       0
       1
       0
       0
       0
       0
       0
       0
       0
       0
       0
       0
       0
       0
       0
       0
       0
       0
       0
       0
       0
       0
       0
       0
       0
       0
       0
       0
       0
       0
       0
       0
       0
       0
       0
       0
       0
       0
       0
       0
       0
       0
       0
       0
       0
       0
       0
       0
       0
       0
       0
       0
       0
       0
       0
       0
       0
       0
       0
       0
       0
       0
       0
       0
       1
       0
       0
       0
       0
       0
       0
       0
       0
       0
       0
       0
       0
       0
       0
       0
       0
       0
       0
       0
       0
       0
       0
       0
       0
       0
       0
       0
       0
       0
       0
       0
       0
       0
       0
       0
       0
       0
       0
       0
       0
       0
       0
       0
       0
       0
       0
       0
       0
       0
       0
       0
       0
       0
       0
       0
       0
       0
       0
       0
       0
       0
       0
       0
       0
       0
       0
       0
       0
       0
       0
       0
       0
       0
       0
       0
       0
       0
       0
       0
       0
       0
       0
       0
       0
       0
       0
       0
       0
       0
       0
       0
       0
       0
       0
       0
       0
       0
       0
       0
       0
       0
       0
       0
       0
       0
       0
       0
       0
       0
       0
       0
       0
       0
       0
       0
       0
       0
       0
       0
       0
       0
       0
       0
       0
       0
       0
       0
       0
       0
       0
       0
       0
       0
       0
       0
       0
       0
       0
       0
       0
       0
       0
       0
       0
       0
       0
       0
       0
       0
       0
       0
       0
       0
       0
       0
       0
       0
       0
       0
       0
       0
       0
       0
       0
       1
       0
       0
       0
       0
       0
       0
       0
       0
       0
       0
       0
       0
       0
       0
       0
       0
       0
       0
       0
       0
       0
       0
       0
       0
       0
       0
       0
       0
       0
       0
       0
       0
       0
       0
       0
       0
       0
       0
       0
       0
       0
       0
       0
       0
       0
       0
       0
       0
       0
       0
       0
       0
       0
       0
       0
       0
       0
       0
       0
       0
       0
       0
       0
       0
       0
       0
       0
       0
       0
       0
       0
       0
       0
       0
       0
       0
       0
       0
       0
       0
       0
       0
       0
       0
       0
       0
       0
       0
       0
       0
       0
       0
       0
       0
       0
       0
       0
       0
       0
       0
       0
       0
       0
       0
       0
       0
       0
       0
       0
       0
       0
       0
       0
       0
       0
       0
       0
       0
       0
       0
       0
       0
       0
       0
       0
       0
       0
       0
       0
       0
       1
       0
       0
       0
       0
       3
       1
       1
       3
       0
       0
       0
       0
       2
       1
       0
       0
       0
       0
       1
       1
       0
       0
       0
       2
       0
       1
       1
       0
       1
       1
       1
       1
       2
       1
       0
       1
       0
       0
       1
       1
       0
       0
       0
       0
       0
       1
       1
       0
       0
       0
       1
       1
       0
       0
       1
       0
       0
       0
       2
       0
       0
       1
       1
       0
       0
       1
       0
       1
       1
       0
       2
       0
       1
       0
       0
       1
       0
       0
       1
       0
       0
       0
       0
       0
       0
       0
       0
       0
       0
       2
       0
       0
       0
       0
       0
       1
       0
       0
       0
       1
       0
       1
       0
       2
       0
       0
       0
       1
       0
       0
       0
       0
       1
       2
       0
       1
       1
       0
       1
       0
       0
       0
       1
       0
       1
       0
       1
       1
       0
       1
       0
       0
       0
       1
       0
       1
       0
       2
       0
       0
       0
       0
       0
       0
       0
       1
       1
       0
       0
       0
       1
       0
       1
       1
       0
       0
       0
       0
       0
       0
       0
       0
       2
       2
       2
       3
       2
       1
       3
       1
       0
       0
       2
       0
       1
       1
       1
       1
       0
       1
       1
       1
       2
       0
$ROI:
0
$PRESETS:
None
0
0
$ENER_FIT:
0.000000 0.374432
$MCA_CAL:
3
0.000000E+000 3.744323E-001 0.000000E+000 keV
$SHAPE_CAL:
3
6.617742E+000 0.000000E+000 0.000000E+000
