$SPEC_ID:
No sample description was entered.
$SPEC_REM:
DET# 1
DETDESC# NEWTON MCB 338
AP# Maestro Version 6.06
$DATE_MEA:
06/11/2018 10:09:36
$MEAS_TIM:
4740 4743
$DATA:
0 8191
       0
       0
       0
       0
       0
       0
       0
       0
       0
       0
       0
       0
       0
       0
       0
       0
       0
       0
       0
       0
       0
       0
       0
       0
       0
       0
       0
       0
       0
       0
       0
       0
       0
       0
       0
       0
       0
       0
       0
       0
       0
       0
       0
       0
       0
       0
       0
       0
       0
       1
       0
       6
      22
      66
     109
     133
     141
     151
     142
     146
     152
     147
     139
     144
     131
     134
     131
     146
     118
     120
     129
     118
     150
     133
     113
     128
     143
     126
     129
     141
     115
     132
     132
     119
     141
     139
     120
     135
     136
     130
     117
     118
     120
     123
     140
     125
     114
     113
     111
     131
     128
     110
     143
     175
     258
     321
     359
     252
     129
     105
     101
     116
      95
     100
     113
     119
      99
     145
     235
     264
     231
     182
     179
     149
      95
     103
      85
     101
      82
      77
      82
      80
      78
      64
      87
      80
      96
      68
      67
      86
      98
      71
      77
      78
      92
      79
      83
      83
      77
      79
      99
      81
      76
      84
      75
      64
      74
      87
      59
      79
      80
      81
      63
      90
      76
      73
      86
      76
      60
      70
      96
      84
      68
      90
      87
      77
      82
      79
      78
      85
      84
      66
      90
      84
      71
      95
      76
     103
     106
      86
      87
     104
     123
     112
      99
      80
      77
      70
      94
      98
      95
      99
      86
      88
      92
     100
     102
      96
      97
     111
     117
     138
     130
     169
     152
     168
     172
     146
     153
     135
     128
     122
     109
     111
     132
     129
     109
     121
     116
      90
      99
     129
      97
      98
      91
     112
     103
     139
     102
     105
      93
     103
     116
      97
     100
     102
     110
     103
      84
     108
     118
      99
     114
     100
     114
     103
      90
     124
      99
     109
     104
     114
      91
      92
     113
     111
     105
     115
     113
     109
     112
     107
     133
     109
     121
     112
      99
     124
     110
     113
     121
     109
     140
     105
     114
     130
     127
     120
     132
     114
     139
     120
     133
     126
     121
     122
     131
     120
     132
     132
     145
     139
     133
     149
     144
     202
     575
    2198
    4914
    5511
    2963
     773
     195
     107
      93
      89
      74
     101
      80
     100
      89
      90
      79
      86
      91
     105
      94
      83
      80
      79
      92
     102
      75
      92
      94
      74
      85
      95
      69
      81
      76
      96
      72
      86
      90
      70
      81
      85
      86
      82
      69
      81
      82
      92
      80
      73
      94
      92
      87
      92
      90
      76
      78
      93
      82
      85
     102
      82
      95
      91
      86
      88
      92
     113
     121
      87
     112
     113
      82
      92
     100
     107
      89
     111
     108
     113
     105
      98
     113
     126
      90
      97
      91
     105
      81
      99
      98
      93
      85
      78
     101
      97
      96
      93
      95
     100
      87
      92
      94
      89
      82
      82
      88
      94
      78
     105
      73
     108
      70
      72
      91
      94
      92
      85
      71
      89
      94
      75
      86
      70
      78
      70
      93
      81
      83
      95
      72
      70
      68
      82
      76
      84
      76
      95
      70
      95
      85
      75
      94
      83
      85
      73
      98
      85
     105
      63
      85
      73
      89
      96
      76
      83
     102
      80
      74
      76
      72
      86
     105
      80
      79
      79
      82
      69
      84
      82
      76
      69
      91
      57
     101
      76
      89
      86
      84
      77
      76
      94
      90
      86
      74
      68
      77
     101
      77
      78
      82
      80
      80
      69
      85
      88
      71
      74
      76
      69
      75
      65
      66
      79
      74
      88
      69
      72
      87
      75
      77
      55
      69
      70
      77
      68
      80
      76
      81
      86
      81
      82
      71
      67
      85
      76
      76
      72
      61
      64
      77
      69
      74
      69
      59
      71
      77
      84
      64
      77
      87
      67
      79
      69
      73
      65
      72
      74
      64
      86
      54
      50
      71
      69
      54
      56
      59
      69
      65
      63
      70
      69
      61
      63
      72
      56
      46
      51
      49
      77
      57
      61
      70
      43
      61
      58
      71
      50
      59
      59
      53
      50
      46
      55
      38
      52
      58
      68
      59
      57
      55
      57
      55
      50
      48
      38
      50
      54
      54
      57
      51
      43
      47
      61
      67
     203
     439
     824
     807
     467
     198
      70
      47
      49
      39
      54
      47
      48
      44
      33
      41
      38
      52
      51
      52
      58
      46
      32
      31
      45
      47
      36
      41
      53
      34
      35
      30
      34
      45
      33
      43
      37
      31
      36
      36
      23
      28
      41
      38
      43
      37
      36
      39
      37
      48
      43
      36
      38
      36
      33
      38
      26
      37
      35
      47
      37
      43
      32
      33
      43
      41
      41
      43
      50
      47
      36
      26
      35
      37
      39
      49
      39
      50
      51
      32
      39
      36
      33
      42
      27
      34
      43
      28
      35
      29
      40
      35
      40
      31
      43
      24
      41
      29
      35
      24
      27
      44
      30
      33
      26
      35
      39
      30
      32
      39
      25
      33
      34
      32
      27
      39
      40
      40
      41
      31
      31
      34
      24
      33
      27
      31
      23
      46
      53
      69
      52
      60
      28
      33
      39
      23
      24
      28
      26
      36
      31
      34
      31
      24
      39
      27
      32
      22
      30
      35
      35
      33
      28
      27
      23
      28
      27
      28
      37
      23
      39
      24
      24
      30
      45
      19
      25
      21
      31
      34
      25
      27
      25
      22
      39
      32
      32
      30
      35
      43
      27
      29
      33
      30
      37
      44
      36
      33
      25
      27
      29
      32
      25
      24
      27
      16
      24
      24
      24
      37
      33
      32
      26
      26
      38
      31
      30
      12
      39
      31
      28
      25
      36
      38
      32
      42
      30
      18
      35
      25
      31
      36
      29
      34
      30
      29
      31
      28
      29
      37
      35
      28
      32
      33
      19
      33
      18
      20
      25
      25
      31
      30
      28
      32
      41
      66
     188
     553
    1168
    1718
    1769
     996
     411
      99
      40
      21
      22
      30
      24
      27
      24
      33
      21
      25
      25
      26
      18
      30
      27
      21
      24
      26
      19
      21
      22
      24
      15
      25
      21
      15
      27
      23
      19
      20
      15
      28
      29
      23
      22
      23
      22
      25
      21
      17
      17
      20
      31
      24
      20
      16
      13
      20
      31
      18
      30
      32
      45
      59
      72
      33
      33
      23
      31
      23
      18
      22
      29
      29
      20
      16
      21
      20
      21
      19
      22
      31
      31
      28
      22
      17
      29
      25
      19
      18
      14
      14
      26
      19
      18
      17
      22
      24
      26
      29
      23
      12
      24
      18
      20
      22
      25
      32
      28
      30
      28
      25
      14
      21
      16
      16
      15
      33
      23
      19
      22
      21
      33
      17
      16
      18
      21
      17
      21
      24
      15
      29
      24
      24
      23
      15
      15
      23
      23
      23
      15
      17
      19
      14
      15
      20
      20
      15
      26
      22
      27
      23
      18
      16
      15
      19
      18
      18
      21
      23
      25
      24
      23
      20
      23
      25
      20
      23
      48
      65
     105
     144
     127
      85
      51
      30
      24
      27
      24
      22
      27
      23
      24
      32
      27
      26
      32
      18
      13
      28
      13
      34
      20
      15
      15
      21
      20
      22
      18
      20
      21
      24
      30
      26
      17
      23
      16
      17
      30
      19
      25
      22
      22
      22
      13
      13
      26
      22
      21
      23
      23
      19
      17
      15
      23
      19
      17
      17
      18
      21
      14
      15
      25
      17
      26
      16
      24
      21
      27
      25
      14
      21
      22
      20
      17
      26
      26
      16
      34
      33
      73
     119
     149
     146
     108
      49
      34
      21
      20
      17
      16
      18
      19
      16
      21
      14
      18
      20
      25
      24
      12
      21
      23
      24
      20
      20
      16
      18
      16
      27
      23
      22
      31
      15
      33
      20
      32
      19
      17
      19
      25
      24
      21
      13
      23
      24
      19
      25
      18
      11
      14
      21
      18
      22
      20
      25
      25
      13
      15
      22
       7
      22
      18
      27
      18
      18
      23
      19
      21
      20
      14
      22
      25
      24
      20
      18
      27
      16
      20
      15
      19
      17
      14
      31
      14
      21
      21
      32
      31
      16
      24
      20
      21
       9
      31
      20
      18
      15
      22
      21
      22
      19
      12
      29
      27
      19
      20
      21
      25
      25
      21
      31
      29
      46
      39
      34
      26
      28
      17
      21
      19
      20
      25
      19
      22
      17
      23
      15
      23
      26
      22
      23
      25
      17
      18
      27
      25
      20
      25
      25
      30
      20
      26
      16
      18
      23
      19
      18
      25
      23
      24
      23
      31
      20
      22
      16
      16
      18
      21
      11
      29
      29
      25
      22
      22
      24
      26
      27
      24
      38
      32
      27
      31
      28
      20
      22
      24
      14
      24
      19
      21
      31
      17
      18
      21
      21
      15
      20
      24
      19
      23
      22
      19
      19
      17
      12
      21
      22
      26
      19
      12
      37
      19
      18
      22
      26
      22
      20
      28
      18
      25
      27
      20
      25
      22
      24
      31
      24
      29
      22
      14
      22
      19
      21
      28
      18
      13
      25
      21
      23
      20
      15
      16
      30
      24
      20
      19
      12
      22
      22
      16
      18
      24
      26
      20
      23
      20
      14
      17
      29
      14
      24
      18
      18
      21
      14
      22
      17
      17
      17
      15
      28
      22
      28
      27
      22
      20
      19
      15
      18
      15
      18
      26
      20
      24
      23
      20
      20
      14
      21
       8
      12
      26
      22
      24
      22
      30
      18
      17
      23
      28
      28
      16
      20
      19
      30
      14
      32
      27
      37
      35
      35
      32
      26
      32
      30
      31
      26
      25
      12
      11
      11
      24
      21
      24
      24
      15
      22
      19
      18
      29
      22
      17
      23
      22
      23
      16
      17
      21
      21
      13
      21
      19
      19
      26
      19
      28
      23
      20
      22
      20
      21
      29
      22
      19
      23
      17
      25
      27
      14
      24
      26
      22
      29
      21
      30
      25
      20
      30
      23
      23
      28
      16
      18
      17
      17
      17
      13
      19
      16
      15
      20
      22
      21
      18
      27
      12
      19
      20
      14
      22
      13
      25
      15
      18
      12
      25
      14
      23
      22
      26
      21
      20
      21
      29
      21
      12
      26
      14
      24
      16
      11
      21
      21
      11
      16
      16
      20
      19
      10
      13
      12
      25
      27
      21
      18
      14
      13
      16
      21
      13
      13
      19
      20
      15
      17
      16
      22
      16
      19
      12
      16
      16
      22
      26
      24
      13
      21
      19
      19
      12
      10
       9
      19
      16
      10
      18
      19
      19
      10
      17
      17
      24
      29
      13
      23
      22
      19
      17
      19
      10
      10
      18
      12
      17
      22
      16
      12
      14
      15
      18
      15
      18
      14
      11
      17
      13
      14
      14
      18
      20
      15
       8
      14
      16
      18
      26
      19
      15
       9
      18
      10
      11
      17
      21
      14
      22
      23
      18
      16
      18
      17
      20
      14
      20
      22
      22
      15
      14
      16
      16
      11
      14
      15
      13
      25
      17
      21
      14
      16
      21
      21
      12
       9
      21
       8
      16
      20
      13
      18
      11
      16
      19
      16
      19
      14
      13
      13
      17
      26
      15
      22
      23
      22
      16
      19
      21
      21
      18
      18
      25
      15
      19
      18
      16
      17
      24
      19
      17
      21
      18
      25
      19
      18
      14
      13
      20
      23
      19
      13
      24
      22
      13
      16
      14
      21
      19
      20
      14
      16
      18
      23
      30
      26
      18
      21
      27
      22
      23
      15
      18
      20
      22
      19
      14
      22
      17
      12
      13
      17
      22
      12
      20
      18
      19
      18
      18
      24
      32
      37
      38
      32
      17
      17
      21
      14
      16
       8
       8
      16
      18
      18
      23
      21
      19
      19
      20
      19
       9
      18
       9
      16
      12
      14
      16
      18
      10
      14
      19
      12
      20
      13
      12
      22
       8
      12
      20
      19
      21
      19
      12
      17
      19
      14
      17
      21
      23
      16
      25
       9
      28
      18
      19
      13
      10
      17
      24
      12
      18
      20
      19
      14
      23
      21
      16
      19
      10
      22
      16
      16
      13
      18
      25
      13
      22
      21
      18
      22
      27
      15
      15
      13
      15
      16
      16
      20
      14
      22
      16
      14
      13
      11
      21
      16
      16
      10
      15
      18
      26
       7
      12
      13
      20
      25
      18
      12
      25
      19
      13
       7
      18
      15
      22
      16
      18
      22
      16
      20
      17
      16
      10
      25
      24
      15
      16
      19
      16
      15
      21
      22
      28
      19
      12
      11
      22
      17
      19
      19
      23
       9
      18
      22
      21
      17
      22
      14
      21
      13
      19
      19
      22
      19
      19
      15
      16
      12
      18
      19
      13
      29
      19
      19
      25
      10
      19
      15
      20
      23
      20
      14
      12
      21
      15
      22
      21
      17
      20
      24
      19
      17
       7
      15
      15
      17
      13
      23
      16
      14
      21
      16
      20
      19
      12
      12
      19
      14
      12
       6
      26
      15
      19
      24
      13
      23
       9
      12
      11
      11
      17
      10
      14
      20
      16
      16
      16
      23
      23
      24
      41
      86
     145
     148
     235
     227
     231
     165
     121
      81
      33
      17
      14
      13
       8
      15
      13
       7
      14
       8
      18
       7
      11
      11
      20
      14
      14
      11
      14
      14
      12
      12
      20
      23
      15
      15
      20
       6
      11
      26
      14
      12
       8
      15
      13
      10
      12
      14
      18
      18
       9
      13
      16
      12
      15
       9
      13
      13
       7
      13
      14
      14
      11
      11
      15
      15
      11
      15
      10
      14
      10
       9
      16
      17
      13
      15
      13
      22
      14
      24
      19
      13
      23
      19
      23
      17
      21
      10
      17
      12
      18
      10
      13
      14
      12
      18
      11
      19
      23
      12
      15
      11
      11
      14
      12
      12
      12
      11
       7
      11
      12
      26
      12
      10
      10
      20
      15
      11
      10
      13
       8
      13
      15
      15
      20
      18
      13
      20
      17
       6
      13
      19
      19
      13
      16
      12
      14
      16
       9
      14
      13
      12
      10
      10
      14
      15
      14
      13
      23
      12
      16
      10
      14
      16
      13
      12
      21
      13
      17
      15
      23
      11
      19
      14
      11
      24
      12
      16
      12
      16
      15
      13
      11
      15
      23
       9
      13
      13
      18
      20
      13
      12
      19
      13
      14
      19
      17
      12
      12
       9
      17
      11
      15
      14
      11
      18
      19
      17
      12
      14
      14
      18
      11
      15
      12
      16
      15
      15
      13
      20
      19
      15
      20
      14
      11
      12
      16
      17
      23
      27
      29
      49
      63
      72
      70
      82
      48
      47
      48
      32
      19
      14
      18
      16
      17
      20
      10
      15
      16
      18
      14
      10
      11
      18
       9
      17
      14
       8
      18
      11
      13
      11
      10
      19
       7
      15
      14
      12
      15
       8
      11
       8
      16
      12
      13
      13
      12
      18
      12
      14
      15
       7
      16
      10
      10
       8
      11
      13
      14
      15
      12
      12
       9
      14
      15
      14
      12
      14
       6
      12
      17
      12
       9
      10
      14
       9
      13
      14
       8
      12
      19
      10
       6
      14
      15
       4
      11
      11
       9
      25
      15
      14
      12
       8
      12
       9
      11
       7
      18
       8
       9
       8
      11
       6
      10
      14
      14
      15
       6
      15
       8
      11
       7
      15
       7
      12
      14
      10
      12
      11
      12
       9
       9
       4
      10
       8
       9
      12
       8
       9
      10
      15
      11
      17
      11
       8
      10
       8
       6
      10
       8
      14
       4
       8
      11
      18
      13
      13
      18
       8
      12
      18
      13
      10
       5
      12
      14
      11
       8
       5
      12
      12
      11
      14
       7
       8
      14
      11
      10
      10
      11
      13
       7
       7
       9
       4
      10
       9
       7
       4
       7
      11
       7
       4
       6
       8
       6
       5
       8
       5
       8
       8
      11
       4
       9
      12
       7
      11
       9
       9
       8
       6
       3
       7
      13
      10
      11
       9
       8
      12
       7
       8
      11
       9
       6
      10
       4
      10
       8
       2
      11
      13
      14
      11
      11
       8
       8
       9
       8
       5
      11
       9
      15
       8
      15
      19
      19
      25
      29
      54
      71
     104
     133
     171
     179
     161
     169
     105
      75
      48
      29
       9
      11
       5
      10
       8
       6
      11
       6
      18
      11
       6
       5
       5
       7
       6
       4
       4
       5
       6
       4
       8
       5
       7
       5
       5
       5
      13
       7
       3
       5
      13
       9
       5
       9
      13
      10
       8
       4
       3
       6
       6
       7
       7
      10
       6
      10
       7
       3
       8
       8
       9
       7
       6
       4
       9
       2
       9
       4
      10
       6
       5
       9
       3
       9
       8
       9
       5
       8
      12
       7
       5
       7
       9
      10
       7
       5
       6
       3
       5
       4
       9
       4
       6
       9
       7
      13
       7
       7
       7
       3
       6
      10
      12
      14
      16
      16
      14
      14
      16
       9
       8
       5
      12
       4
       7
       4
       4
       8
       4
       7
      11
       5
       8
       6
      10
       2
       5
       2
       8
       6
       5
       6
       6
       4
       7
       5
       5
       7
       5
       5
       7
       3
      10
       3
       5
      10
       9
       2
       7
       3
       7
       8
      10
       4
       6
       5
       5
       3
       7
       9
       9
       5
       3
       5
       4
       4
       7
       5
       8
       7
       8
       7
       3
      11
       8
       7
       1
       5
      10
       5
      11
       8
       3
      10
       2
       5
       7
      11
       5
       7
       4
       9
      10
       9
       6
       4
       7
       5
       6
       2
       4
       7
       9
       4
       8
       9
       4
       6
       4
       7
       5
       2
       6
       6
       8
       2
      11
       9
       4
       5
       7
       7
       9
      10
       8
       8
       9
       8
       7
       4
       3
       6
       4
       7
       9
       4
       4
       6
      11
       2
       6
       6
       6
       3
       9
       8
       3
       6
       3
       4
       8
      10
      10
       4
       6
       7
       6
       6
       4
       7
       9
       5
       6
       3
       6
       6
       6
       3
       5
       6
       3
       8
       7
       6
       4
       7
       1
       6
       6
       5
       3
       4
      14
       7
       5
       9
       9
       6
       6
       6
       4
       6
      11
      11
       8
       8
       7
      13
      15
      20
      30
      53
      60
      82
      88
      88
     115
      81
      65
      69
      50
      28
      19
      14
      16
      16
      22
      23
      16
       9
       9
      10
       2
      13
       4
       3
       7
      10
       5
       8
       6
       7
      10
       8
      10
       8
       6
       5
       4
       5
       5
       4
       7
       3
       7
       3
       6
       5
       7
       8
       6
       8
       7
       7
       7
       8
       6
      14
      11
       9
      13
      18
      19
      18
      25
      41
      58
      79
      94
     128
     134
     127
     120
     101
      72
      50
      23
      12
      12
       8
       6
       5
       5
       9
      10
       2
       7
       6
       7
      10
      14
       6
      11
       7
       5
      11
       6
       8
       5
      12
       6
       6
       2
      10
       2
       4
       5
       6
       6
       9
       5
       5
       4
       6
       6
       4
       6
       4
       7
       7
       4
       7
       7
       7
       6
       3
       4
       5
       3
       5
       4
       8
       8
       7
       3
       7
       2
       3
      10
      10
      10
       6
       6
       5
       5
       5
       6
       7
       5
       6
       4
       8
       5
      14
       8
       5
       5
       8
       8
       7
       6
       8
       6
      10
       7
       7
       4
       4
       5
      11
      13
       7
       6
      11
       6
       9
       6
       8
       8
       5
       6
       7
      10
       7
       9
       9
      10
       4
       4
       9
      10
       4
       8
       5
       7
       8
       8
       4
       9
      13
       8
       7
       6
       8
       7
      11
       8
       9
       4
       6
       7
       5
       7
       8
       3
      14
       7
       4
       5
       7
       6
      12
       5
      10
       8
       9
       9
       5
       4
       5
       9
       7
       6
       6
       5
       8
       6
       7
       6
       6
       6
      10
       6
      10
       6
       6
       3
      12
      12
       7
       5
       4
       6
      10
       4
      11
       7
       3
       5
       7
      10
       6
       6
      10
       3
       5
       2
       5
      13
       6
       3
       6
       4
       3
       0
       4
       4
       8
       4
       5
       7
       2
       3
       4
       6
       4
       4
       6
       8
       6
       5
       3
       4
       4
       3
       7
       5
       2
       2
       3
       6
       6
       1
       9
       5
       3
       4
       7
       4
       3
       3
       5
       8
       3
       2
      10
      16
      12
      16
      17
      14
      13
      12
      11
      13
       7
      12
       9
       5
       3
       7
       3
       6
       1
       4
       4
       4
       5
       3
       4
       5
       7
       5
       2
       4
       3
       5
       4
       0
       1
       8
       2
       4
       1
       5
       6
       4
       3
       4
       1
       3
       4
       8
       5
       6
       5
       4
       3
       4
       5
       4
       5
       2
       6
       6
       3
       4
       2
       6
       6
       2
       3
       2
       2
       5
       5
       4
       6
       4
      11
       2
       4
       3
       2
       5
       1
       4
       3
       4
       2
       2
       2
       3
       2
       5
       2
       4
       4
       5
       4
       5
       7
       3
       5
       4
       3
       3
       3
       2
       1
       2
       2
       2
       3
       4
       0
       3
       6
       3
       4
       5
       1
       1
       1
       6
       1
       1
       4
       8
       2
       4
       1
       2
       3
       4
       1
       6
       2
       1
       1
       2
       4
       0
       3
       3
       3
       2
       2
       2
       5
       2
       1
       0
       3
       3
       5
       2
       4
       4
       6
       3
       7
       2
       5
       6
       1
       1
       3
       3
       1
       5
       3
       0
       1
       4
       0
       4
       2
       2
       5
       1
       3
       3
       2
       3
       2
       1
       6
       4
       4
       2
       1
       1
       1
       5
       1
       2
       3
       3
       3
       3
       2
       3
       3
       4
       1
       3
       1
       2
       4
       2
       4
       2
       1
       5
       2
       1
       2
       5
       5
       9
      11
       8
       7
       6
      11
      10
       6
      10
       5
       5
       4
       2
       2
       0
       2
       3
       1
       2
       1
       1
       2
       3
       1
       4
       2
       2
       3
       1
       0
       0
       0
       2
       3
       3
       2
       2
       4
       0
       1
       2
       1
       2
       1
       2
       2
       3
       4
       2
       1
       1
       1
       0
       1
       0
       0
       1
       1
       1
       0
       0
       0
       1
       1
       3
       0
       2
       0
       1
       2
       2
       2
       0
       1
       1
       2
       0
       2
       4
       0
       1
       3
       0
       1
       0
       0
       0
       0
       0
       2
       0
       1
       0
       1
       0
       0
       0
       1
       1
       1
       0
       0
       0
       1
       1
       3
       1
       1
       1
       1
       1
       1
       0
       4
       0
       0
       1
       1
       2
       2
       1
       2
       1
       0
       2
       0
       2
       1
       0
       0
       0
       2
       1
       1
       1
       0
       1
       1
       1
       0
       1
       1
       0
       0
       2
       2
       0
       0
       1
       0
       1
       2
       1
       2
       1
       1
       0
       1
       0
       1
       1
       0
       0
       2
       1
       2
       0
       1
       0
       0
       0
       1
       2
       3
       0
       1
       2
       3
       0
       2
       1
       0
       1
       1
       0
       2
       0
       0
       3
       1
       1
       0
       1
       0
       1
       0
       2
       0
       1
       0
       2
       0
       1
       0
       0
       2
       0
       3
       3
       1
       1
       1
       1
       0
       1
       1
       1
       0
       0
       0
       0
       1
       1
       0
       1
       0
       0
       0
       1
       1
       0
       1
       1
       0
       0
       1
       3
       1
       3
       1
       0
       2
       1
       1
       1
       1
       3
       0
       1
       0
       0
       0
       2
       1
       4
       2
       5
       3
       1
       3
       6
       6
       7
       8
       7
       9
      15
      21
      38
      60
      60
      92
     109
     101
     125
     129
     105
     104
     105
      70
      52
      28
      15
       4
       1
       1
       0
       1
       0
       0
       1
       1
       0
       1
       0
       2
       1
       2
       1
       0
       0
       1
       0
       1
       0
       1
       1
       0
       0
       0
       1
       0
       1
       0
       1
       0
       2
       1
       0
       0
       0
       1
       1
       1
       2
       1
       0
       0
       2
       2
       2
       0
       0
       0
       0
       0
       0
       1
       0
       1
       0
       0
       2
       0
       0
       1
       0
       1
       0
       1
       0
       0
       0
       0
       0
       0
       0
       0
       2
       2
       0
       0
       0
       0
       1
       1
       0
       3
       2
       0
       0
       0
       0
       1
       0
       0
       0
       2
       2
       0
       1
       0
       0
       0
       1
       1
       0
       0
       1
       1
       1
       2
       1
       1
       4
       3
       3
       4
       3
       7
       4
       4
       3
       1
       6
       6
       6
       6
       6
       5
       6
       3
       1
       3
       0
       0
       1
       0
       0
       1
       0
       0
       0
       1
       1
       0
       2
       0
       1
       0
       0
       1
       1
       0
       1
       0
       0
       1
       0
       0
       0
       0
       0
       1
       0
       0
       0
       0
       1
       0
       0
       0
       0
       1
       0
       0
       1
       0
       0
       0
       0
       1
       1
       0
       0
       0
       1
       0
       2
       0
       0
       0
       0
       0
       0
       0
       0
       0
       0
       0
       1
       0
       1
       0
       0
       0
       0
       0
       2
       2
       1
       0
       0
       0
       0
       0
       0
       0
       0
       0
       0
       0
       0
       0
       0
       1
       0
       2
       1
       1
       0
       2
       1
       2
       0
       0
       0
       0
       0
       0
       0
       0
       0
       0
       1
       0
       0
       2
       0
       2
       0
       0
       0
       0
       0
       0
       0
       0
       1
       1
       0
       1
       0
       0
       1
       0
       0
       0
       1
       0
       1
       0
       0
       0
       0
       0
       0
       0
       1
       0
       1
       0
       2
       1
       0
       1
       0
       0
       1
       2
       0
       1
       1
       1
       2
       1
       2
       4
       2
       1
       0
       1
       0
       1
       0
       0
       0
       0
       1
       1
       2
       2
       0
       1
       1
       1
       0
       0
       2
       0
       2
       0
       2
       1
       1
       0
       0
       0
       0
       0
       0
       1
       0
       0
       1
       2
       1
       1
       1
       0
       1
       0
       1
       2
       0
       0
       0
       0
       0
       1
       0
       0
       0
       1
       0
       1
       0
       0
       0
       0
       0
       0
       1
       0
       0
       0
       0
       1
       0
       1
       1
       0
       0
       0
       0
       1
       0
       0
       0
       0
       0
       0
       2
       1
       0
       0
       0
       1
       0
       0
       0
       0
       0
       0
       0
       0
       0
       0
       0
       1
       1
       0
       0
       1
       0
       0
       0
       0
       0
       0
       1
       0
       0
       0
       0
       0
       0
       0
       0
       0
       0
       1
       0
       0
       0
       1
       0
       0
       0
       1
       0
       1
       0
       0
       0
       0
       0
       0
       0
       0
       0
       0
       0
       0
       0
       0
       2
       0
       1
       1
       1
       2
       0
       1
       0
       1
       0
       1
       0
       1
       0
       0
       0
       0
       0
       0
       0
       1
       1
       0
       0
       0
       0
       0
       0
       0
       0
       0
       0
       0
       0
       0
       1
       0
       0
       0
       0
       0
       0
       0
       0
       0
       0
       0
       1
       1
       0
       1
       0
       0
       0
       0
       0
       1
       0
       1
       0
       0
       0
       0
       0
       1
       0
       0
       0
       0
       1
       0
       0
       1
       0
       1
       0
       1
       0
       0
       1
       1
       0
       0
       0
       0
       1
       0
       1
       1
       0
       0
       1
       0
       0
       0
       0
       1
       1
       0
       1
       0
       0
       0
       0
       0
       1
       2
       1
       0
       0
       0
       1
       0
       0
       0
       0
       1
       0
       1
       0
       0
       1
       0
       1
       0
       1
       0
       0
       0
       0
       2
       0
       0
       0
       0
       0
       0
       0
       0
       1
       0
       1
       0
       0
       0
       2
       0
       0
       0
       0
       0
       0
       0
       0
       0
       0
       0
       0
       0
       0
       0
       1
       0
       0
       0
       0
       0
       0
       0
       0
       0
       1
       0
       0
       0
       0
       0
       0
       1
       1
       1
       1
       0
       1
       0
       0
       0
       0
       0
       1
       2
       0
       0
       1
       1
       0
       0
       1
       0
       1
       0
       0
       1
       0
       0
       0
       0
       0
       1
       1
       1
       0
       0
       0
       0
       0
       0
       1
       0
       0
       1
       0
       0
       1
       0
       2
       1
       0
       1
       0
       1
       0
       0
       0
       1
       0
       0
       1
       0
       0
       1
       0
       0
       0
       0
       0
       0
       0
       1
       0
       0
       0
       0
       0
       0
       0
       1
       0
       0
       0
       1
       1
       0
       0
       1
       0
       0
       0
       0
       0
       0
       0
       0
       0
       2
       0
       1
       0
       0
       0
       0
       1
       0
       0
       0
       0
       0
       0
       1
       2
       0
       0
       0
       0
       0
       0
       0
       0
       1
       0
       0
       0
       1
       0
       0
       0
       0
       0
       0
       0
       0
       0
       2
       0
       2
       0
       0
       0
       0
       0
       0
       0
       1
       0
       0
       0
       0
       0
       0
       1
       0
       0
       0
       0
       0
       0
       0
       0
       0
       0
       1
       0
       0
       0
       1
       0
       1
       0
       1
       0
       2
       0
       0
       0
       1
       0
       0
       0
       0
       0
       0
       0
       0
       0
       0
       0
       0
       0
       0
       0
       1
       0
       0
       0
       0
       0
       1
       1
       1
       0
       1
       1
       0
       1
       1
       0
       0
       0
       0
       0
       0
       0
       0
       0
       1
       0
       0
       0
       1
       0
       0
       0
       0
       0
       0
       1
       0
       0
       0
       1
       0
       1
       0
       0
       0
       0
       0
       0
       1
       0
       0
       1
       1
       0
       0
       0
       2
       0
       3
       3
       2
       1
       3
       3
       2
       1
       3
       0
       1
       1
       1
       1
       0
       0
       1
       1
       0
       0
       0
       1
       0
       0
       0
       0
       0
       0
       0
       0
       1
       0
       0
       0
       0
       0
       0
       0
       0
       0
       0
       0
       0
       0
       1
       0
       0
       0
       0
       1
       0
       0
       0
       0
       1
       0
       0
       0
       0
       0
       0
       0
       0
       0
       0
       0
       0
       0
       0
       0
       0
       0
       1
       0
       0
       1
       1
       2
       0
       0
       0
       0
       0
       0
       0
       0
       0
       0
       0
       0
       1
       0
       0
       1
       0
       0
       1
       0
       0
       0
       0
       0
       0
       0
       0
       0
       2
       1
       1
       0
       0
       0
       0
       0
       0
       1
       0
       0
       0
       0
       1
       1
       0
       0
       0
       0
       0
       0
       0
       0
       0
       0
       1
       0
       2
       0
       0
       0
       0
       0
       0
       1
       0
       0
       0
       0
       0
       0
       1
       1
       0
       0
       1
       0
       0
       0
       0
       0
       0
       0
       0
       0
       0
       1
       1
       0
       0
       0
       0
       0
       0
       0
       0
       0
       0
       0
       0
       0
       0
       0
       0
       0
       1
       0
       0
       0
       0
       0
       0
       0
       0
       0
       0
       0
       0
       1
       0
       0
       0
       1
       1
       0
       1
       0
       1
       0
       1
       0
       0
       0
       0
       0
       0
       1
       1
       1
       0
       0
       1
       3
       1
       0
       0
       0
       0
       0
       0
       0
       1
       0
       0
       0
       0
       0
       0
       1
       0
       0
       0
       0
       0
       0
       0
       0
       0
       0
       0
       0
       0
       0
       0
       0
       1
       0
       0
       0
       0
       0
       0
       0
       0
       0
       0
       1
       0
       0
       0
       0
       0
       0
       0
       1
       0
       0
       0
       0
       0
       0
       0
       0
       1
       0
       0
       0
       0
       0
       1
       1
       0
       0
       0
       0
       0
       1
       0
       1
       0
       0
       0
       0
       0
       0
       0
       0
       0
       0
       0
       0
       0
       0
       0
       0
       0
       0
       0
       1
       0
       0
       1
       0
       0
       1
       0
       0
       0
       0
       0
       0
       0
       0
       0
       0
       0
       0
       0
       0
       0
       1
       0
       0
       0
       0
       0
       0
       0
       0
       1
       0
       0
       0
       0
       0
       0
       0
       0
       0
       0
       0
       0
       0
       0
       0
       0
       1
       0
       0
       0
       0
       0
       0
       2
       0
       1
       0
       0
       0
       0
       0
       0
       0
       0
       0
       0
       0
       0
       0
       0
       1
       1
       0
       0
       0
       0
       0
       0
       0
       0
       3
       1
       0
       0
       0
       1
       0
       1
       0
       0
       0
       0
       0
       1
       0
       0
       0
       0
       0
       1
       1
       0
       0
       0
       0
       0
       0
       0
       0
       0
       0
       0
       0
       0
       0
       1
       0
       0
       0
       0
       0
       0
       0
       1
       2
       0
       0
       0
       0
       0
       0
       0
       0
       0
       0
       0
       0
       0
       1
       0
       0
       0
       0
       1
       0
       0
       0
       0
       1
       0
       0
       0
       1
       0
       0
       0
       0
       0
       0
       0
       0
       1
       0
       0
       0
       1
       0
       0
       0
       0
       1
       0
       0
       0
       1
       0
       0
       0
       0
       0
       0
       0
       0
       0
       1
       1
       1
       0
       1
       0
       0
       0
       0
       0
       0
       0
       0
       0
       0
       0
       0
       0
       0
       0
       0
       0
       0
       0
       1
       0
       0
       0
       0
       0
       1
       0
       0
       0
       0
       0
       0
       0
       0
       1
       0
       0
       1
       1
       0
       1
       0
       0
       0
       0
       1
       0
       0
       0
       0
       0
       0
       0
       0
       0
       0
       0
       0
       0
       0
       0
       1
       1
       0
       0
       0
       0
       0
       0
       0
       0
       0
       0
       0
       0
       0
       0
       0
       0
       0
       0
       0
       1
       0
       0
       0
       0
       0
       0
       0
       0
       0
       0
       0
       0
       0
       0
       0
       1
       0
       0
       0
       2
       1
       0
       0
       0
       0
       0
       1
       0
       0
       0
       0
       0
       0
       1
       0
       0
       0
       0
       0
       0
       0
       0
       0
       0
       0
       0
       0
       0
       1
       0
       0
       0
       1
       0
       1
       0
       0
       0
       0
       0
       0
       0
       0
       0
       0
       0
       0
       0
       0
       0
       0
       0
       0
       0
       0
       0
       0
       1
       0
       1
       0
       0
       1
       0
       0
       0
       1
       0
       0
       0
       0
       0
       0
       0
       0
       0
       0
       0
       0
       0
       0
       1
       0
       0
       0
       0
       0
       0
       0
       0
       1
       1
       0
       0
       0
       0
       0
       0
       1
       0
       0
       0
       1
       0
       0
       0
       1
       0
       0
       0
       0
       0
       0
       1
       0
       0
       0
       0
       0
       0
       0
       0
       0
       0
       0
       0
       1
       0
       0
       0
       0
       0
       0
       1
       0
       0
       0
       1
       0
       0
       0
       1
       2
       1
       0
       0
       0
       0
       0
       0
       0
       0
       0
       0
       0
       0
       0
       0
       0
       1
       0
       0
       0
       1
       0
       0
       0
       0
       0
       0
       0
       0
       1
       0
       0
       0
       0
       0
       0
       1
       0
       0
       1
       0
       0
       0
       0
       0
       0
       0
       0
       0
       1
       0
       1
       0
       0
       0
       0
       0
       0
       0
       0
       0
       0
       0
       0
       0
       0
       1
       0
       2
       2
       0
       0
       0
       0
       0
       0
       0
       0
       0
       0
       0
       0
       0
       0
       0
       1
       0
       0
       0
       1
       0
       0
       0
       0
       0
       1
       0
       1
       0
       0
       0
       0
       0
       0
       0
       0
       0
       0
       0
       0
       0
       0
       0
       0
       0
       0
       0
       0
       0
       1
       0
       3
       0
       0
       0
       2
       0
       1
       0
       0
       0
       0
       0
       0
       1
       0
       1
       0
       0
       0
       0
       0
       0
       1
       0
       1
       1
       0
       0
       0
       0
       0
       0
       0
       0
       0
       1
       0
       0
       0
       1
       0
       0
       0
       0
       0
       0
       0
       1
       0
       0
       0
       0
       0
       0
       0
       0
       0
       0
       1
       0
       1
       0
       0
       0
       0
       0
       0
       1
       0
       0
       0
       0
       0
       0
       0
       0
       0
       0
       0
       0
       0
       1
       0
       0
       0
       0
       0
       0
       0
       0
       1
       0
       0
       0
       0
       0
       1
       0
       0
       0
       1
       1
       1
       0
       0
       0
       0
       1
       0
       0
       0
       0
       0
       0
       0
       0
       0
       1
       0
       0
       0
       1
       0
       0
       0
       0
       0
       0
       1
       0
       0
       0
       0
       0
       0
       0
       0
       0
       0
       0
       0
       1
       0
       1
       0
       0
       0
       1
       0
       0
       0
       0
       0
       1
       0
       0
       0
       0
       0
       0
       0
       0
       0
       1
       0
       1
       0
       0
       0
       0
       0
       1
       0
       0
       0
       0
       0
       0
       0
       0
       0
       0
       0
       0
       0
       0
       0
       0
       0
       0
       0
       0
       1
       0
       0
       0
       0
       0
       0
       0
       1
       0
       0
       0
       0
       1
       0
       0
       0
       1
       0
       0
       0
       0
       0
       0
       1
       1
       0
       1
       0
       0
       0
       1
       0
       0
       0
       0
       0
       2
       0
       0
       0
       0
       0
       0
       0
       0
       0
       0
       0
       0
       0
       0
       0
       0
       0
       0
       0
       0
       0
       0
       0
       0
       0
       0
       0
       0
       0
       0
       0
       0
       0
       0
       0
       1
       0
       0
       1
       0
       0
       0
       0
       0
       1
       0
       0
       0
       0
       0
       0
       0
       0
       1
       0
       0
       0
       0
       1
       0
       0
       0
       0
       0
       0
       1
       1
       0
       0
       0
       1
       1
       0
       0
       0
       1
       0
       0
       0
       0
       0
       0
       0
       0
       1
       0
       0
       0
       0
       0
       0
       0
       0
       0
       0
       0
       0
       0
       0
       0
       0
       0
       0
       0
       0
       0
       0
       1
       0
       0
       0
       0
       0
       0
       0
       0
       0
       0
       0
       0
       0
       0
       0
       1
       0
       1
       0
       0
       0
       0
       0
       0
       0
       0
       0
       2
       0
       0
       0
       1
       0
       0
       0
       0
       0
       0
       0
       0
       0
       0
       0
       0
       0
       2
       0
       0
       0
       0
       2
       0
       0
       0
       0
       0
       0
       0
       0
       0
       0
       0
       0
       0
       0
       0
       1
       0
       0
       0
       0
       0
       0
       0
       0
       0
       0
       0
       1
       0
       0
       0
       0
       0
       0
       2
       0
       0
       0
       0
       0
       0
       0
       0
       0
       0
       0
       0
       0
       0
       0
       0
       0
       0
       0
       0
       0
       0
       0
       0
       0
       0
       0
       0
       0
       0
       0
       0
       0
       0
       0
       0
       0
       0
       0
       0
       0
       0
       0
       0
       0
       0
       0
       0
       0
       0
       0
       0
       0
       1
       0
       0
       0
       1
       0
       0
       0
       0
       0
       0
       0
       0
       0
       1
       1
       0
       0
       0
       0
       1
       0
       0
       0
       1
       0
       0
       0
       0
       0
       1
       0
       0
       0
       0
       0
       1
       0
       0
       0
       0
       0
       0
       0
       0
       1
       0
       0
       0
       0
       0
       0
       0
       1
       0
       0
       0
       0
       0
       0
       0
       0
       0
       0
       1
       0
       0
       0
       0
       0
       0
       0
       0
       1
       0
       0
       0
       0
       0
       0
       0
       0
       0
       0
       0
       0
       0
       0
       0
       1
       0
       1
       0
       0
       0
       0
       0
       1
       0
       0
       1
       0
       0
       0
       0
       0
       0
       0
       0
       0
       0
       1
       0
       0
       1
       0
       0
       0
       0
       0
       0
       0
       0
       0
       0
       0
       0
       0
       0
       0
       1
       0
       0
       0
       0
       1
       0
       1
       0
       0
       0
       0
       1
       0
       0
       0
       1
       0
       0
       0
       0
       0
       0
       0
       0
       0
       0
       0
       0
       1
       0
       0
       0
       0
       0
       1
       0
       0
       0
       0
       0
       0
       0
       0
       0
       1
       0
       1
       0
       0
       1
       1
       0
       0
       0
       0
       0
       0
       0
       0
       0
       0
       0
       0
       0
       1
       0
       0
       1
       0
       0
       0
       0
       0
       0
       0
       0
       0
       0
       1
       0
       0
       0
       0
       0
       0
       0
       0
       0
       0
       0
       0
       0
       0
       0
       0
       0
       0
       0
       1
       0
       0
       0
       0
       0
       0
       0
       0
       0
       0
       0
       0
       0
       0
       1
       0
       0
       0
       0
       0
       1
       0
       0
       0
       0
       0
       0
       0
       0
       0
       0
       0
       0
       0
       0
       0
       0
       0
       0
       0
       0
       0
       0
       0
       1
       0
       0
       0
       0
       0
       1
       0
       0
       0
       0
       0
       0
       0
       0
       0
       0
       0
       0
       0
       0
       0
       1
       0
       0
       0
       0
       0
       0
       0
       0
       0
       0
       0
       0
       0
       0
       0
       0
       0
       0
       1
       0
       0
       0
       0
       0
       0
       0
       0
       0
       0
       0
       0
       0
       0
       0
       0
       0
       0
       1
       0
       0
       0
       0
       0
       2
       0
       0
       0
       0
       0
       0
       0
       0
       0
       0
       1
       0
       0
       0
       0
       0
       0
       0
       0
       0
       0
       0
       0
       0
       0
       0
       0
       0
       0
       0
       0
       0
       1
       0
       0
       0
       0
       0
       0
       0
       0
       0
       0
       0
       0
       0
       0
       0
       0
       0
       0
       0
       0
       0
       0
       0
       0
       0
       0
       0
       0
       0
       0
       0
       0
       0
       0
       0
       0
       0
       0
       0
       0
       0
       0
       0
       0
       0
       0
       0
       0
       0
       0
       1
       0
       0
       0
       0
       0
       0
       0
       0
       0
       1
       0
       0
       0
       0
       0
       0
       0
       0
       0
       0
       0
       0
       0
       0
       0
       0
       0
       0
       0
       0
       0
       0
       0
       1
       0
       0
       0
       0
       0
       0
       0
       0
       0
       0
       1
       0
       0
       0
       0
       0
       1
       0
       0
       0
       0
       0
       0
       0
       0
       0
       0
       0
       0
       0
       0
       0
       0
       0
       0
       0
       0
       0
       0
       0
       0
       0
       0
       0
       0
       0
       0
       0
       0
       0
       0
       0
       0
       0
       0
       0
       0
       0
       0
       0
       0
       0
       0
       0
       0
       0
       0
       0
       0
       0
       0
       1
       0
       0
       1
       0
       0
       0
       0
       0
       0
       0
       0
       0
       0
       0
       0
       0
       0
       0
       0
       0
       0
       0
       0
       0
       0
       0
       0
       0
       0
       0
       0
       0
       0
       0
       0
       0
       0
       0
       0
       0
       0
       0
       0
       0
       0
       0
       1
       0
       0
       0
       0
       0
       0
       0
       0
       0
       0
       0
       0
       0
       0
       0
       0
       1
       0
       0
       0
       0
       0
       0
       0
       0
       0
       0
       0
       0
       0
       0
       0
       0
       0
       0
       0
       0
       0
       0
       0
       0
       0
       0
       0
       0
       0
       0
       0
       0
       0
       1
       0
       0
       0
       0
       0
       0
       0
       0
       0
       0
       0
       0
       1
       0
       0
       0
       0
       0
       0
       0
       0
       0
       0
       0
       0
       0
       1
       0
       0
       0
       0
       0
       0
       0
       0
       0
       0
       0
       0
       0
       0
       0
       0
       0
       0
       0
       0
       0
       0
       0
       0
       0
       0
       0
       0
       0
       0
       0
       0
       0
       0
       0
       0
       0
       0
       1
       0
       0
       0
       0
       0
       0
       0
       0
       0
       0
       0
       0
       0
       0
       0
       0
       0
       0
       0
       0
       0
       0
       0
       0
       0
       0
       1
       0
       0
       0
       0
       0
       0
       0
       0
       0
       0
       0
       0
       0
       0
       0
       0
       1
       0
       0
       0
       0
       0
       0
       0
       0
       0
       0
       0
       0
       0
       1
       0
       0
       0
       1
       1
       2
       1
       0
       0
       0
       2
       1
       3
       3
       0
       2
       2
       2
       0
       0
       1
       0
       0
       0
       0
       0
       0
       0
       0
       0
       0
       0
       0
       0
       0
       0
       0
       0
       0
       0
       0
       0
       0
       0
       0
       0
       0
       0
       0
       0
       0
       0
       0
       0
       0
       0
       0
       0
       0
       0
       0
       0
       0
       0
       0
       0
       0
       0
       0
       0
       0
       0
       0
       0
       0
       0
       0
       0
       0
       0
       0
       0
       0
       0
       0
       0
       0
       1
       0
       0
       0
       0
       0
       0
       0
       0
       0
       0
       0
       0
       0
       0
       0
       0
       0
       0
       0
       0
       1
       0
       0
       0
       0
       0
       0
       0
       0
       0
       0
       0
       0
       0
       0
       0
       0
       0
       0
       0
       0
       0
       0
       0
       0
       0
       0
       0
       0
       0
       0
       0
       0
       0
       0
       0
       0
       0
       1
       0
       0
       0
       0
       0
       0
       0
       0
       0
       0
       0
       0
       0
       0
       0
       0
       0
       0
       1
       0
       0
       0
       0
       0
       1
       0
       0
       0
       0
       0
       0
       0
       0
       0
       0
       0
       0
       0
       0
       0
       0
       0
       1
       0
       0
       0
       0
       0
       0
       0
       0
       0
       0
       0
       0
       0
       0
       0
       0
       0
       0
       0
       0
       0
       0
       0
       0
       0
       0
       0
       0
       0
       0
       0
       0
       0
       0
       0
       0
       0
       0
       0
       1
       0
       0
       0
       0
       1
       0
       0
       0
       0
       0
       0
       0
       0
       0
       0
       0
       0
       0
       0
       0
       0
       0
       0
       0
       0
       0
       0
       1
       0
       0
       0
       0
       0
       0
       0
       0
       0
       0
       0
       0
       0
       0
       0
       0
       0
       0
       0
       0
       0
       0
       0
       1
       0
       0
       0
       0
       0
       0
       0
       0
       0
       0
       0
       0
       0
       0
       0
       0
       0
       0
       0
       0
       1
       0
       0
       0
       0
       0
       0
       0
       0
       0
       0
       0
       0
       0
       0
       0
       0
       0
       0
       0
       0
       0
       0
       0
       0
       0
       0
       0
       0
       0
       0
       0
       0
       0
       0
       0
       0
       0
       0
       0
       0
       0
       0
       0
       0
       0
       0
       0
       0
       0
       0
       0
       0
       0
       0
       0
       0
       0
       0
       0
       0
       0
       0
       0
       0
       0
       0
       0
       0
       0
       0
       0
       0
       0
       0
       0
       0
       0
       0
       0
       0
       0
       0
       0
       0
       0
       1
       0
       0
       0
       0
       0
       0
       0
       0
       0
       0
       0
       0
       0
       0
       0
       0
       0
       0
       0
       0
       0
       0
       0
       0
       0
       0
       0
       0
       0
       0
       0
       0
       0
       0
       0
       0
       0
       0
       1
       0
       0
       0
       0
       0
       0
       0
       0
       0
       0
       0
       0
       0
       0
       0
       0
       0
       0
       0
       0
       0
       0
       0
       0
       0
       0
       0
       0
       0
       0
       0
       0
       0
       0
       0
       0
       0
       0
       0
       0
       0
       0
       0
       0
       0
       0
       0
       0
       0
       0
       0
       0
       0
       0
       0
       0
       0
       0
       0
       0
       0
       0
       0
       0
       0
       0
       0
       0
       0
       0
       0
       0
       0
       0
       0
       0
       0
       0
       0
       0
       0
       0
       0
       0
       0
       0
       0
       0
       0
       0
       0
       0
       0
       0
       0
       0
       0
       0
       0
       0
       0
       0
       0
       0
       0
       0
       0
       0
       0
       0
       0
       0
       0
       0
       0
       0
       0
       0
       0
       0
       0
       0
       1
       0
       0
       0
       0
       0
       0
       0
       0
       0
       0
       0
       0
       0
       0
       0
       0
       0
       0
       0
       0
       0
       0
       0
       0
       0
       1
       0
       0
       0
       0
       0
       0
       0
       0
       0
       0
       0
       0
       0
       0
       0
       0
       0
       0
       0
       0
       0
       0
       0
       1
       0
       1
       0
       0
       0
       0
       0
       0
       0
       0
       0
       0
       0
       0
       0
       0
       0
       0
       0
       0
       0
       0
       0
       0
       0
       0
       1
       0
       0
       0
       0
       0
       1
       0
       0
       0
       0
       0
       0
       0
       0
       0
       0
       0
       0
       0
       0
       0
       0
       0
       0
       0
       0
       0
       1
       0
       0
       0
       0
       1
       0
       0
       0
       0
       0
       0
       1
       0
       0
       0
       0
       0
       0
       0
       0
       0
       0
       0
       0
       0
       0
       0
       0
       0
       0
       0
       0
       0
       0
       0
       0
       0
       0
       0
       0
       0
       0
       0
       0
       0
       0
       0
       0
       0
       0
       0
       0
       0
       0
       0
       0
       0
       0
       0
       0
       0
       0
       0
       0
       0
       0
       0
       0
       1
       0
       0
       0
       0
       0
       0
       0
       0
       0
       0
       0
       0
       0
       0
       0
       0
       0
       0
       0
       0
       0
       0
       0
       0
       0
       0
       1
       0
       0
       0
       0
       0
       0
       0
       0
       0
       0
       0
       0
       0
       0
       0
       0
       0
       0
       0
       0
       0
       0
       0
       0
       0
       0
       0
       0
       0
       0
       0
       0
       0
       0
       0
       0
       0
       0
       0
       0
       0
       0
       0
       0
       0
       0
       0
       0
       0
       0
       0
       0
       0
       0
       0
       0
       0
       0
       0
       0
       0
       0
       0
       0
       0
       0
       0
       0
       0
       0
       0
       0
       0
       0
       0
       0
       0
       0
       0
       0
       0
       0
       0
       0
       0
       0
       0
       0
       0
       0
       0
       0
       0
       0
       0
       0
       0
       0
       0
       0
       0
       0
       0
       0
       0
       0
       0
       0
       0
       0
       0
       0
       0
       0
       0
       0
       0
       0
       0
       0
       0
       0
       0
       0
       0
       0
       0
       0
       0
       0
       0
       0
       0
       0
       0
       0
       0
       0
       0
       0
       0
       0
       1
       0
       0
       0
       0
       0
       0
       0
       0
       0
       0
       0
       0
       0
       0
       0
       1
       0
       0
       0
       0
       0
       0
       0
       0
       0
       0
       0
       0
       0
       0
       0
       0
       0
       0
       0
       0
       0
       0
       0
       0
       0
       0
       0
       0
       0
       0
       0
       0
       0
       0
       0
       0
       0
       0
       0
       0
       0
       0
       0
       0
       0
       0
       0
       0
       0
       0
       0
       0
       1
       0
       0
       0
       0
       0
       0
       0
       0
       0
       0
       0
       0
       0
       1
       0
       0
       0
       0
       0
       0
       0
       0
       0
       0
       0
       1
       0
       0
       0
       0
       0
       0
       0
       1
       0
       0
       0
       0
       0
       0
       0
       0
       0
       0
       0
       0
       0
       0
       0
       0
       1
       0
       0
       0
       0
       0
       0
       0
       0
       0
       0
       0
       0
       0
       0
       0
       0
       0
       0
       0
       0
       0
       0
       1
       0
       0
       0
       0
       0
       0
       0
       0
       0
       0
       0
       0
       0
       0
       0
       0
       0
       0
       0
       0
       0
       0
       0
       0
       0
       0
       0
       0
       0
       0
       0
       0
       0
       0
       0
       0
       0
       0
       0
       0
       0
       0
       0
       0
       0
       0
       0
       0
       0
       0
       0
       0
       0
       0
       0
       0
       0
       0
       0
       0
       0
       0
       0
       0
       0
       0
       0
       0
       0
       0
       0
       0
       0
       0
       0
       0
       0
       0
       0
       1
       0
       0
       0
       0
       0
       0
       0
       0
       0
       0
       0
       0
       0
       0
       0
       0
       1
       0
       0
       0
       0
       0
       0
       0
       0
       0
       0
       0
       0
       0
       0
       0
       0
       0
       0
       1
       0
       0
       0
       0
       0
       0
       0
       0
       0
       0
       0
       1
       0
       0
       0
       1
       0
       0
       0
       0
       0
       0
       0
       0
       0
       0
       0
       1
       0
       0
       0
       1
       0
       0
       0
       0
       0
       0
       0
       0
       0
       0
       0
       0
       0
       0
       0
       0
       0
       0
       0
       0
       0
       0
       0
       0
       0
       0
       0
       0
       0
       0
       0
       0
       0
       0
       0
       0
       0
       0
       0
       0
       0
       0
       0
       0
       0
       0
       0
       0
       0
       0
       0
       0
       0
       0
       0
       0
       0
       0
       0
       0
       0
       0
       0
       0
       0
       0
       0
       0
       0
       0
       0
       0
       0
       0
       0
       0
       0
       0
       0
       0
       0
       0
       0
       0
       0
       0
       0
       0
       0
       0
       0
       0
       0
       0
       0
       0
       0
       0
       1
       0
       0
       1
       0
       0
       0
       0
       0
       0
       0
       0
       0
       0
       0
       0
       0
       0
       0
       0
       0
       0
       0
       0
       0
       0
       0
       0
       0
       0
       0
       0
       0
       0
       0
       0
       0
       0
       0
       0
       0
       0
       0
       1
       0
       0
       0
       0
       0
       0
       0
       0
       0
       0
       0
       0
       0
       0
       0
       1
       0
       0
       0
       0
       0
       0
       0
       0
       0
       1
       0
       0
       0
       0
       0
       0
       0
       0
       0
       0
       0
       0
       0
       0
       0
       0
       0
       0
       0
       0
       0
       0
       0
       0
       0
       0
       0
       0
       0
       0
       0
       0
       0
       0
       0
       0
       0
       0
       0
       0
       0
       0
       0
       0
       0
       0
       0
       0
       0
       0
       0
       0
       0
       0
       0
       0
       0
       0
       0
       0
       0
       0
       0
       0
       0
       0
       0
       0
       0
       0
       0
       0
       0
       0
       0
       0
       0
       0
       0
       0
       0
       0
       0
       0
       0
       0
       0
       0
       0
       0
       0
       0
       0
       0
       0
       0
       0
       0
       0
       0
       0
       0
       0
       0
       0
       0
       0
       0
       0
       0
       0
       0
       0
       1
       0
       0
       1
       0
       0
       0
       0
       0
       0
       0
       0
       0
       1
       0
       0
       0
       0
       0
       0
       0
       0
       0
       0
       0
       1
       0
       0
       0
       0
       0
       0
       0
       0
       0
       0
       0
       0
       0
       0
       0
       0
       0
       0
       0
       0
       0
       0
       0
       0
       0
       0
       0
       0
       0
       0
       0
       0
       0
       1
       0
       1
       0
       0
       0
       1
       0
       2
       2
       1
       0
       2
       1
       1
       0
       0
       2
       0
       1
       0
       0
       1
       0
       0
       1
       3
       1
       0
       1
       1
       0
       1
       1
       1
       1
       1
       2
       1
       0
       0
       1
       0
       0
       0
       0
       0
       0
       1
       1
       3
       0
       0
       1
       1
       3
       1
       0
       0
       1
       1
       0
       1
       2
       1
       0
       0
       2
       1
       1
       1
       1
       1
       0
       0
       0
       1
       0
       3
       1
       0
       0
       0
       1
       0
       0
       0
       1
       0
       1
       0
       2
       1
       1
       1
       1
       0
       0
       2
       1
       0
       0
       0
       0
       0
       0
       0
       1
       0
       2
       2
       3
       0
       0
       0
       1
       1
       0
       0
       0
       1
       1
       0
       0
       2
       0
       2
       0
       1
       1
       1
       2
       0
       1
       2
       1
       1
       1
       1
       0
       1
       0
       0
       1
       1
       0
       1
       1
       1
       0
       0
       1
       0
       2
       0
       0
       2
       1
       2
       0
       0
       0
       1
       0
       1
       0
       0
       1
       0
       0
       1
       0
       1
       0
       2
       0
       0
       0
       1
       0
       0
       0
       1
       1
$ROI:
0
$PRESETS:
None
0
0
$ENER_FIT:
0.000000 0.374432
$MCA_CAL:
3
0.000000E+000 3.744323E-001 0.000000E+000 keV
$SHAPE_CAL:
3
6.617742E+000 0.000000E+000 0.000000E+000
