#x in mikrometer | I in 10^-4 mikroampere nullmessung 400
0 2800
250 2800
500 7000
750 9500
1000 12800
1250 17000
1500 23000
1750 31000
2000 40000
2250 50000
2500 61000
2750 75000
3000 84000
3250 91000
3500 97000
3750 95000
4000 90000
4250 80000
4500 65000
4750 50000
5000 39000
5250 22000
5500 12000
5750 6300
6000 4800
6250 9900
6500 18500
6750 32000
7000 48500
7250 69000
7500 87000
7750 102000
8000 113000
8250 118000
8500 127000
8750 119000
9000 120000
9250 120000
9500 109000
9750 103000
10000 100000
10250 92000
10500 86000
10750 79000
11000 72000
11250 59000
11500 49000
11750 36000
12000 28000
12250 21000
12500 18000
12750 14000
13000 13000
13250 11000
13500 9900
13750 7600
14000 5500
14250 3700
14500 2800
14750 2600
15000 2800